27.417093
27.530941
27.656459
27.745352
27.767948
27.727226
27.741131
27.675827
27.718908
27.833252
27.869505
27.861435
27.90464
28.033634
28.058713
28.123024
28.244694
28.285167
28.347988
28.383496
28.351961
28.36537
28.369343
28.361397
28.446441
28.480459
28.622489
28.648437
28.709024
28.788109
28.783763
28.716597
28.857262
28.953728
28.91462
28.891528
28.943051
29.121458
29.071549
29.132135
29.195825
29.113016
29.18043
29.247473
29.213207
29.131142
29.304335
29.285836
29.21718
29.248466
29.316129
29.314515
29.347415
29.331524
29.162677
29.176706
29.166029
29.065217
29.095014
29.226243
29.254053
29.17174
29.22885
29.132756
29.142812
29.123693
28.976696
29.178692
29.015059
28.8626
29.010466
28.891776
28.968006
28.907916
28.821382
28.962419
28.784384
28.705423
28.752477
28.622614
28.580278
28.540176
28.538066
28.565255
28.425832
28.271262
28.419997
28.386351
28.266917
28.216263
28.07597
28.076343
27.960633
27.913703
27.943003
27.828783
27.700658
27.631132
27.6248
27.673096
27.678558
27.434102
27.500648
27.527589
27.447635
27.536776
27.450615
27.379724
27.224036
27.110934
27.140109
27.179714
27.084613
27.053078
26.936748
26.861139
26.944693
26.855055
26.923463
26.824141
26.70272
26.7057
26.693285
26.650949
26.640272
26.671682
26.694899
26.616559
26.629719
26.709797
26.657529
26.597315
26.582417
26.357577
26.467327
26.604392
26.524437
26.588252
26.508049
26.49104
26.533873
26.528286
26.462485
26.514505
26.484584
26.4677
26.523072
26.479867
26.495386
26.572857
26.611841
26.579934
26.625622
26.423005
26.605012
26.64052
26.559821
26.703217
26.689808
26.753375
26.820044
26.976352
26.919242
26.893046
26.966172
26.957605
26.980698
27.117638
27.152525
27.191384
27.267117
27.364204
27.450366
27.567442
27.558006
27.627035
27.668875
27.662294
27.713073
27.695071
27.680917
27.722508
27.720398
27.830397
28.017991
28.110733
28.166726
28.084164
28.19913
28.259592
28.132584
28.281443
28.287899
28.335201
28.382503
28.390945
28.445572
28.522919
28.593314
28.576801
28.593438
28.690525
28.769238
28.775445
28.945037
29.028964
29.007859
28.985511
29.065465
29.11525
29.035296
29.078625
29.148647
29.279628
29.268206
29.345429
29.389379
29.380937
29.531906
29.604163
29.561951
29.511793
29.598576
29.655065
29.796723
29.712548
29.727694
29.79275
29.779466
29.747683
29.723101
29.801813
29.706092
29.695166
29.726577
29.750414
29.845887
29.852964
29.898776
29.785922
29.726329
29.875436
29.866248
29.717141
29.685979
29.772141
29.767299
29.730674
29.787039
29.911316
29.779714
29.79784
29.674557
29.606397
29.735392
29.567786
29.588644
29.480134
29.492674
29.61633
29.472313
29.369515
29.414706
29.281366
29.169381
29.065465
29.092779
29.204392
29.060747
28.856393
28.95348
28.979552
28.895873
28.957577
28.864338
28.669419
28.687049
28.576553
28.550357
28.572332
28.526644
28.43266
28.343395
28.305032
28.235755
28.262944
28.184852
28.042325
28.04456
27.935554
27.793896
27.739021
27.677814
27.702768
27.66155
27.597984
27.648886
27.605184
27.460547
27.461788
27.509215
27.426529
27.446145
27.265379
27.35241
27.337139
27.147558
26.977594
26.942086
26.930043
27.020302
26.919615
26.895777
26.913904
26.888452
26.964061
26.883114
26.788261
26.780191
26.869457
26.662495
26.692912
26.716625
26.589369
26.527914
26.62227
26.658895
26.617924
26.611096
26.606006
26.595701
26.528783
26.615814
26.451187
26.522948
26.574223
26.476266
26.533873
26.586514
26.572484
26.569008
26.687201
26.661378
26.622642
26.603026
26.67789
26.697506
26.797324
26.943452
26.86176
26.961082
26.904468
26.905089
26.943824
27.046995
27.054072
27.21696
27.249612
27.212242
27.29741
27.314544
27.458809
27.402692
27.46663
27.543356
27.566573
27.53032
27.550433
27.697926
27.726481
27.738772
27.81376
27.817485
27.932823
27.939899
27.969572
27.956039
27.986953
28.130101
28.194288
28.264558
28.365742
28.452897
28.498834
28.652162
28.582885
28.583754
28.634532
28.708155
28.785998
28.858007
29.046097
29.053298
29.104325
29.166774
29.267958
29.108298
29.099855
29.206006
29.183658
29.253929
29.304583
29.424638
29.490687
29.52545
29.584671
29.666239
29.588271
29.575856
29.699512
29.665246
29.614716
29.586781
29.609253
29.588892
29.675674
29.714907
29.665991
29.753766
29.712672
29.7195
29.901508
29.684489
29.590133
29.69976
29.629862
29.712548
29.631104
29.676047
29.756498
29.635325
29.606522
29.651961
29.575235
29.530664
29.518746
29.426749
29.530789
29.41334
29.420665
29.424142
29.275159
29.387641
29.456173
29.294402
29.222642
29.272303
29.200543
29.151006
29.113885
28.920331
28.992215
28.996809
28.872781
29.014066
28.791213
28.744655
28.65092
28.553833
28.510007
28.517581
28.451656
28.353327
28.294106
28.231658
28.269027
28.06877
28.086151
27.923884
27.796007
27.771052
27.678807
27.743118
27.741007
27.669371
27.537149
27.560614
27.416969
27.333166
27.331304
27.364577
27.333911
27.255571
27.291824
27.21907
27.156125
26.946183
26.901737
26.794097
26.788013
26.859525
26.883735
26.722833
26.656287
26.656287
26.595577
26.563421
26.43331
26.362046
26.367757
26.374337
26.271166
26.31164
26.30506
26.244225
26.31462
26.215546
26.115603
26.098222
26.045085
26.045706
26.112748
26.108651
26.042478
26.16365
26.08978
26.170231
26.178921
26.039746
26.149497
25.977794
26.167003
26.14031
26.104306
26.237273
26.196178
26.215422
26.269552
26.204745
26.182025
26.256765
26.131247
26.290783
26.344292
26.39147
26.517857
26.56367
26.7021
26.66535
26.602653
26.575216
26.738352
26.697133
26.748036
26.852572
26.902606
26.962075
27.047492
27.046995
27.12248
27.140606
27.1488
27.387297
27.261655
27.293065
27.378358
27.425287
27.60357
27.589045
27.758637
27.740759
27.774901
27.694947
27.745352
27.780239
28.013522
28.076715
28.245314
28.234141
28.335946
28.425087
28.517332
28.685435
28.608833
28.66706
28.79084
28.854158
28.909157
28.904936
28.993457
29.101345
29.213083
29.248838
29.266841
29.347415
29.363804
29.458408
29.495902
29.315881
29.471568
29.656183
29.693677
29.749545
29.704974
29.645505
29.689704
29.798958
29.878167
29.912309
29.829996
29.798958
29.868111
30.00083
29.912681
29.966315
30.002195
30.095682
30.037703
30.165828
30.189293
29.943968
30.031744
30.196618
30.109215
30.140749
30.170546
30.051856
30.109339
29.890086
29.938505
30.109836
29.969295
30.051236
30.018211
29.811125
29.787039
29.798461
29.751532
29.807028
29.744952
29.731171
29.725211
29.524829
29.505958
29.493543
29.461512
29.487335
29.313646
29.201164
29.290057
29.1299
29.029585
28.888176
28.934236
28.939202
28.870049
28.844598
28.810456
28.647816
28.569849
28.641609
28.455753
28.239479
28.197143
28.280946
28.086151
27.969448
28.039718
28.042822
28.019853
27.909358
27.756774
27.578988
27.572656
27.5662
27.567442
27.480908
27.450242
27.452104
27.26749
27.090945
27.121362
27.066859
26.85729
26.825383
26.704707
26.790248
26.805767
26.667089
26.586017
26.569753
26.453671
26.412452
26.203503
26.146393
26.105175
25.958054
26.02162
26.051417
26.058617
26.066315
26.094746
26.026959
25.932975
25.866305
25.843337
25.835516
25.707887
25.714964
25.722289
25.705156
25.848676
25.815527
25.760776
25.791566
25.684546
25.795166
25.791814
25.656612
25.82248
25.753327
25.83117
25.787344
25.921181
26.012929
26.049803
25.988968
25.954454
25.963889
25.940921
26.073392
26.05241
26.24286
26.182025
26.204372
26.277002
26.280354
26.303819
26.344044
26.308785
26.27725
26.523817
26.524313
26.486819
26.739345
26.77746
26.835315
26.970145
26.940721
26.981194
26.994851
27.005031
27.233224
27.317027
27.332918
27.482522
27.551302
27.670613
27.666888
27.683028
27.838218
27.73691
27.934561
27.992416
28.016005
28.210924
28.301183
28.32142
28.360279
28.437378
28.492253
28.517084
28.6282
28.680344
28.830941
28.725908
28.926539
29.05007
29.006865
29.077508
29.123444
29.128535
29.194087
29.257653
29.215938
29.332145
29.519987
29.592989
29.603542
29.644512
29.741848
29.77003
29.776362
29.865628
29.855199
29.989159
29.968798
29.848371
30.016473
30.146336
30.189045
30.12821
30.124858
30.189541
30.167815
30.165456
30.249755
30.054091
30.165952
30.288863
30.18321
30.309473
30.423941
30.454855
30.30699
30.231257
30.196742
30.318287
30.261302
30.199225
30.259315
30.122499
30.166946
30.219214
30.18321
30.202702
30.054588
29.986428
30.031371
29.835831
29.799454
29.814229
29.746566
29.778473
29.705719
29.708699
29.777355
29.68871
29.540721
29.581567
29.410981
29.405643
29.454931
29.314639
29.308307
29.294899
29.137474
29.070804
29.046097
28.975827
29.056899
28.814926
28.756326
28.752229
28.632173
28.648189
28.566124
28.440234
28.401871
28.412175
28.278587
28.239852
28.189694
28.074232
28.010542
27.999865
28.022212
27.903895
27.706493
27.699913
27.627532
27.513063
27.540253
27.413617
27.406416
27.370536
27.351168
27.188653
27.16705
27.154759
27.098891
27.062142
26.93414
26.90484
26.860642
26.828114
26.805394
26.837922
26.771377
26.627856
26.593714
26.694775
26.744187
26.660757
26.606006
26.440759
26.411335
26.458637
26.435917
26.340071
26.34243
26.362046
26.235038
26.322069
26.301584
26.318593
26.327904
26.316979
26.276505
26.261234
26.399292
26.429709
26.378062
26.445849
26.472914
26.489426
26.56367
26.500973
26.509663
26.494641
26.501593
26.567394
26.593714
26.586017
26.657032
26.711287
26.865112
26.878148
26.805643
26.98914
26.974366
26.998824
27.132164
27.1745
27.289092
27.374509
27.502883
27.48637
27.485501
27.510084
27.64243
27.645286
27.612137
27.728592
27.711086
27.707734
27.958274
27.911965
28.018984
28.001976
28.017122
28.227436
28.175044
28.29572
28.439737
28.500199
28.641857
28.586982
28.593562
28.705672
28.667929
28.780535
28.915613
29.029337
29.207123
29.210351
29.167022
29.271682
29.405891
29.478769
29.456297
29.4522
29.531037
29.65072
29.691069
29.881892
29.905977
29.896914
30.085502
30.109463
30.10996
30.229891
30.094689
30.174891
30.318908
30.416864
30.434246
30.505137
30.532823
30.500667
30.491604
30.406808
30.505137
30.428162
30.477203
30.682923
30.578014
30.641705
30.593285
30.639222
30.614391
30.563489
30.513828
30.462056
30.358016
30.408795
30.615012
30.548342
30.508117
30.52525
30.560881
30.528726
30.446164
30.404698
30.424934
30.278683
30.285884
30.33629
30.196866
30.224056
30.100276
30.069238
30.092951
29.98978
29.783066
29.722107
29.626014
29.633835
29.633959
29.670336
29.727322
29.679523
29.591747
29.442765
29.379695
29.194584
29.183658
29.057892
29.004506
29.055036
28.929394
29.011956
28.964157
28.886686
28.753098
28.63416
28.501937
28.461464
28.33011
28.299817
28.334828
28.19106
28.203723
28.263813
28.2108
28.045429
27.988567
27.770183
27.848896
27.707983
27.636967
27.67024
27.599349
27.55453
27.478425
27.547453
27.489723
27.371902
27.442669
27.40294
27.126949
27.179838
27.166057
27.111803
27.093925
27.009998
27.053203
27.03669
26.853193
26.783295
26.827742
26.684346
26.604143
26.641761
26.713397
26.784909
26.584651
26.643872
26.585024
26.595701
26.425488
26.45007
26.436289
26.431696
26.436662
26.408231
26.387746
26.263717
26.492779
26.382283
26.326414
26.44796
26.46621
26.422012
26.473535
26.500104
26.52183
26.575092
26.540453
26.609109
26.764424
26.690926
26.460747
26.625622
26.633692
26.683228
26.651073
26.706072
26.922843
26.924705
26.95326
26.983801
26.969151
26.923091
26.920235
27.039546
27.289837
27.274318
27.306846
27.346078
27.377489
27.476066
27.46663
27.563345
27.606674
27.596121
27.570049
27.648638
27.744235
27.732192
27.803207
27.801345
27.978511
28.122652
28.093228
28.110485
28.225947
28.230044
28.290878
28.344264
28.395787
28.580153
28.651417
28.703809
28.721315
28.781901
28.869056
28.923062
29.012328
29.154855
29.079619
29.034675
29.237168
29.283849
29.267585
29.315384
29.491929
29.542583
29.570642
29.532278
29.57238
29.680516
29.697153
29.850233
29.834093
29.914916
29.875932
29.878043
30.007658
29.98171
29.976123
29.961101
30.012003
30.106732
30.210275
30.169677
30.227656
30.229767
30.237713
30.232126
30.255715
30.253604
30.277441
30.171912
30.16707
30.256584
30.387689
30.509358
30.360003
30.406808
30.407056
30.29085
30.35454
30.2798
30.124237
30.206674
30.208164
30.209282
30.18172
30.118899
30.127093
30.063154
29.836824
29.811621
29.82056
29.722232
29.780335
29.78915
29.778597
29.751283
29.659411
29.611115
29.549908
29.463374
29.346795
29.355361
29.290429
29.125058
29.050443
28.995319
29.057023
28.926663
28.868932
28.880106
28.794441
28.669667
28.571339
28.508393
28.448924
28.447434
28.376419
28.194412
28.221974
28.208813
28.24221
28.144999
28.038973
27.92289
27.771052
27.79191
27.748332
27.658694
27.519767
27.432861
27.505366
27.46154
27.481777
27.467375
27.427274
27.278912
27.193867
27.030359
26.860518
26.891804
26.809119
26.78553
26.711659
26.736986
26.688567
26.496503
26.454291
26.478253
26.41121
26.393457
26.421267
26.258627
26.241991
26.266573
26.130378
26.155456
26.164644
26.042974
26.00697
26.066812
26.136958
26.190467
26.166009
26.124294
26.171596
26.071653
26.056383
26.204124
26.092635
25.969973
26.106664
26.156946
26.084441
26.16365
26.146642
26.120321
26.124046
26.141427
26.237273
26.220388
26.265952
26.280105
26.338581
26.334857
26.245964
26.410838
26.630588
26.511774
26.657156
26.673296
26.631209
26.71377
26.870823
26.930043
26.892549
26.982808
27.051837
27.192874
27.192998
27.327207
27.496799
27.382082
27.45347
27.646279
27.714438
27.686877
27.595873
27.766583
27.83648
27.858579
27.970937
28.111602
28.045056
28.087392
28.192674
28.239231
28.430053
28.454759
28.493743
28.660232
28.686055
28.733109
28.835287
28.748628
28.920952
29.007238
29.041752
29.094144
29.180679
29.215938
29.228726
29.21122
29.184403
29.411354
29.364548
29.407133
29.501985
29.576353
29.628745
29.597831
29.644016
29.821554
29.816587
29.854454
29.918268
29.790764
29.82714
29.867987
30.010638
29.964205
30.016473
29.972399
30.083267
30.139136
30.197611
30.141991
29.968178
30.123865
30.231008
30.107104
30.217476
30.219214
30.175016
30.21462
30.088854
30.088109
30.044035
29.980965
30.003561
29.964701
29.954397
29.961846
29.900763
29.845267
29.724839
29.760098
29.768168
29.754139
29.534761
29.530168
29.559964
29.487956
29.395959
29.350395
29.214324
29.146413
29.168139
29.210599
29.07279
28.854282
28.851923
28.913379
28.821506
28.698595
28.647941
28.565876
28.461215
28.349975
28.367977
28.334207
28.168588
28.140654
28.125755
28.072991
27.929967
27.831266
27.781357
27.76472
27.648762
27.538018
27.575636
27.37066
27.409893
27.217332
27.182694
27.301632
27.332297
27.147807
27.180583
27.060652
26.915766
26.847979
26.711163
26.800304
26.689436
26.601164
26.589493
26.601412
26.557959
26.674165
26.401278
26.450939
26.385263
26.199034
26.290534
26.369247
26.495634
26.523693
26.466458
26.276629
26.380669
26.496627
26.248571
26.063459
26.148131
26.263593
26.240128
26.177804
26.263593
26.220885
26.275884
26.320207
26.341933
26.404506
26.372723
26.371482
26.444856
26.407362
26.491289
26.636671
26.675903
26.658274
26.622518
26.647224
26.828238
26.859525
26.883735
26.953508
27.052085
27.080392
27.068473
27.019806
27.162457
27.373888
27.416348
27.383572
27.537025
27.557386
27.63287
27.739021
27.702272
27.934312
27.912462
27.863297
28.047043
28.113713
28.080564
28.205213
28.391318
28.434647
28.618889
28.727646
28.632297
28.687669
28.82523
28.956584
28.971234
29.034924
29.245859
29.013818
29.156345
29.331151
29.335373
29.500495
29.513904
29.608384
29.635201
29.682379
29.664377
29.776114
29.800944
29.849115
29.921496
30.091213
30.185196
30.050987
30.152544
30.150682
30.187307
30.151923
30.322012
30.345601
30.41823
30.55008
30.444054
30.540396
30.618612
30.554922
30.536175
30.572427
30.560385
30.587822
30.587574
30.530092
30.76834
30.832775
30.81378
30.689503
30.651761
30.622585
30.591547
30.547349
30.61377
30.663804
30.610294
30.66219
30.583477
30.58894
30.619978
30.509482
30.388061
30.468015
30.420837
30.494832
30.483534
30.439088
30.414506
30.299168
30.435487
30.321143
30.201832
30.123492
30.076066
29.980841
30.089475
30.068865
29.922738
29.827761
29.765064
29.813111
29.655313
29.614095
29.405395
29.379571
29.261626
29.289312
29.286705
29.180555
29.187507
29.056526
28.893762
28.857882
28.839384
28.791833
28.628573
28.385358
28.436137
28.360528
28.175541
28.258599
28.242335
28.097573
28.071004
27.961874
27.797
27.661301
27.556144
27.65857
27.563593
27.548943
27.570794
27.552544
27.468741
27.41908
27.391146
27.224781
27.206407
27.121238
27.153145
27.126328
26.984174
27.002176
26.952267
27.015709
26.979084
26.923836
26.821038
26.78255
26.645858
26.717246
26.699989
26.740835
26.738849
26.808622
26.782799
26.716501
26.588873
26.652935
26.790124
26.544798
26.564415
26.726806
26.632326
26.668703
26.684346
26.712156
26.666716
26.555351
26.659019
26.676772
26.734255
26.810485
26.813092
26.853814
26.91589
26.856669
26.948666
27.001679
26.879638
26.907572
26.980449
26.943576
27.137006
27.283381
27.267738
27.3246
27.392015
27.505366
27.543232
27.640444
27.547329
27.529451
27.559248
27.657701
27.855848
27.840453
27.886141
27.950825
27.978511
28.030655
28.145992
28.331352
28.371577
28.289885
28.379275
28.422852
28.580898
28.656507
28.661846
28.807104
28.902577
28.903446
29.094641
29.125183
28.975455
29.116368
29.239279
29.183907
29.298127
29.445992
29.586036
29.579208
29.498385
29.584795
29.650596
29.706092
29.783935
29.891451
29.887479
29.914544
30.059305
30.04838
30.138142
30.232871
30.224925
30.252363
30.347215
30.341628
30.429776
30.368942
30.356154
30.353795
30.472981
30.492225
30.427914
30.416989
30.446661
30.400104
30.302023
30.389675
30.328716
30.35007
30.462428
30.386695
30.296561
30.297182
30.282532
30.299913
30.294947
30.083019
30.141619
30.143233
30.079915
30.000333
29.9575
29.929939
29.94583
29.819567
29.843777
29.7452
29.597707
29.692559
29.693925
29.61484
29.594479
29.65432
29.532154
29.485349
29.391738
29.248466
29.196819
29.035669
29.0677
29.009224
29.044111
28.94839
28.884575
28.901957
28.765637
28.613178
28.487784
28.421487
28.429557
28.293113
28.205089
28.221477
28.044684
28.005576
27.918048
27.848399
27.791165
27.904268
27.750815
27.451856
27.613627
27.625421
27.568187
27.545095
27.368177
27.292072
27.462906
27.28574
27.170527
27.209386
26.969151
27.014715
27.036318
26.946928
26.967537
26.940721
26.824514
26.763555
26.849096
26.84053
26.795462
26.669696
26.527914
26.422384
26.534494
26.551503
26.604516
26.517981
26.429585
26.461865
26.461492
26.363163
26.228955
26.33585
26.383773
26.358818
26.472045
26.486943
26.408727
26.355093
26.455657
26.45963
26.296369
26.327159
26.499979
26.506063
26.576457
26.588997
26.593094
26.577699
26.655542
26.710045
26.696637
26.770011
26.71228
26.863994
26.965303
26.914524
27.073439
27.086351
27.083248
27.107954
27.086475
27.201068
27.330063
27.313674
27.324724
27.423549
27.534045
27.553413
27.695195
27.721888
27.661053
27.789799
27.716177
27.781729
27.75516
27.813512
28.005824
28.020723
28.17194
28.282684
28.317323
28.336939
28.372695
28.41739
28.503055
28.48977
28.426577
28.664329
28.702195
28.814553
28.973468
29.035296
29.004879
29.148027
29.103456
29.09042
29.285339
29.319233
29.493791
29.631228
29.761216
29.805165
29.831982
29.756001
29.854702
29.898404
29.934905
30.089599
30.133921
30.256708
30.246652
30.363231
30.444178
30.446413
30.410533
30.530961
30.519663
30.605825
30.565475
30.483534
30.627179
30.560633
30.634255
30.661693
30.565103
30.549832
30.640835
30.466277
30.595147
30.705395
30.537044
30.527484
30.573048
30.642449
30.635124
30.544369
30.642325
30.521277
30.426424
30.504516
30.598872
30.529098
30.497688
30.521401
30.508241
30.495453
30.313942
30.342497
30.440081
30.325612
30.3384
30.342497
30.213255
30.170422
30.080908
30.13988
30.06961
30.022556
29.871711
29.882761
29.616578
29.587899
29.733405
29.616578
29.504965
29.464243
29.382551
29.249832
29.248093
29.116616
29.073659
28.98638
28.906178
28.90655
28.79084
28.652783
28.59381
28.542535
28.535086
28.453021
28.337932
28.220608
28.162256
28.21229
28.189942
28.130101
28.011908
27.972551
27.87894
27.831514
27.86367
27.870995
27.653604
27.622566
27.43373
27.451484
27.456822
27.451359
27.481156
27.302749
27.244397
27.308088
27.213732
27.170899
27.252343
26.977594
27.028248
26.98616
27.034207
26.996837
26.859649
26.836681
26.936872
26.815327
26.677021
26.862008
26.791613
26.71228
26.661998
26.683601
26.649211
26.632078
26.591976
26.649956
26.707811
26.596818
26.683973
26.507801
26.558455
26.631581
26.715632
26.84562
26.815699
26.899626
26.923091
26.807008
26.875168
27.019185
26.863746
26.921353
26.934513
26.973869
27.082751
27.140109
27.151035
27.205538
27.233596
27.161339
27.255323
27.192253
27.265752
27.323234
27.353279
27.494068
27.533548
27.546957
27.618717
27.636843
27.587182
27.676944
27.72226
27.6798
27.75305
27.79849
27.98087
27.975531
27.886141
28.042698
28.036242
28.085282
28.204965
28.234761
28.307018
28.397773
28.415279
28.614544
28.481949
28.567117
28.661473
28.653403
28.657873
28.870422
28.897735
28.74689
28.895749
29.007362
29.086571
29.171243
29.134742
29.031696
29.141819
29.1299
29.089923
29.336118
29.31166
29.305204
29.330655
29.393848
29.327551
29.511048
29.49615
29.521601
29.397076
29.385158
29.558723
29.636939
29.746317
29.764071
29.814725
29.829748
29.782942
29.71292
29.8038
29.66537
29.682006
29.880029
29.858675
29.84775
29.849488
29.859296
29.799206
29.849364
29.728812
29.609501
29.720494
29.770403
29.821305
29.725708
29.788405
29.802062
29.811249
29.744579
29.782073
29.650968
29.723101
29.624896
29.50422
29.596341
29.576353
29.552143
29.484976
29.40527
29.436309
29.402539
29.342201
29.266468
29.091413
29.163918
29.186266
29.169753
29.14095
29.076639
29.061741
29.180182
29.040262
28.947893
28.941065
29.017542
28.9212
28.867939
28.837025
28.807477
28.852047
28.676992
28.723798
28.707037
28.682827
28.68618
28.594307
28.584002
28.610695
28.562648
28.574567
28.617523
28.5331
28.408947
28.234141
28.311239
28.283802
28.198881
28.228057
28.288395
28.218994
28.1486
28.154683
28.011411
27.996016
27.855724
28.044684
27.968579
27.912958
27.879189
27.824686
27.916062
27.781605
27.695567
27.669247
27.844178
27.877078
27.837225
27.620579
27.72524
27.619338
27.637216
27.817609
27.738276
27.685263
27.686628
27.658818
27.717418
27.838715
27.661674
27.688615
27.7055
27.651245
27.656211
27.744359
27.868512
27.888624
27.791413
27.805939
27.847033
27.847654
27.874843
27.932698
27.872981
27.983601
27.903771
27.987698
28.015012
28.058092
28.069514
28.128239
28.057844
28.092483
28.201985
28.22905
28.323034
28.326386
28.272752
28.384365
28.363632
28.36537
28.447683
28.366239
28.508021
28.611564
28.594679
28.74031
28.692015
28.687794
28.774576
28.905557
28.82163
28.938581
29.081233
28.961301
29.059506
29.037283
29.105567
29.169753
29.16516
29.265971
29.208613
29.051684
29.100725
29.185521
29.190735
29.38553
29.386399
29.457787
29.516884
29.533396
29.578463
29.528306
29.50782
29.571138
29.718755
29.643891
29.759602
29.785301
29.751904
29.793123
29.755629
29.769782
29.807028
29.823912
29.841418
29.764568
29.774127
29.875063
29.931553
29.896542
29.961225
30.047139
30.046145
30.120388
30.02715
30.015728
29.990277
30.026653
30.000706
30.127465
30.180975
30.229022
30.119271
30.065265
30.191528
30.208785
30.187058
30.101393
30.13777
29.992015
29.985186
30.081156
30.170174
30.061789
30.041179
30.114926
30.03671
29.990153
29.992015
29.966688
29.810628
29.915909
29.765561
29.726825
29.794488
29.93267
29.826271
29.733902
29.734026
29.784308
29.693428
29.61844
29.581815
29.502482
29.491681
29.554378
29.412595
29.506579
29.58554
29.441771
29.406264
29.326434
29.223139
29.226863
29.241141
29.134991
29.052057
29.078129
29.0091
29.040883
29.046097
28.92269
28.928029
28.800276
28.809587
28.782646
28.658369
28.704678
28.729757
28.471396
28.416645
28.599149
28.374929
28.381137
28.319806
28.214773
28.291871
28.324151
28.343022
28.276849
28.285912
28.17045
28.180383
28.109119
28.076467
28.061445
28.087392
28.10676
28.134446
28.144006
28.14773
28.073363
27.986705
28.051761
27.865035
27.947969
27.92227
27.965475
27.980001
28.031772
27.964109
27.976773
27.984718
27.805194
27.868263
27.812395
27.897563
27.936795
27.856345
27.882665
27.915938
27.937665
27.968082
27.819596
27.831887
27.925373
27.840577
27.867767
27.949956
27.948218
27.958895
28.082675
28.086275
28.026434
27.94859
27.955667
27.959019
28.027303
28.022461
28.135191
28.122031
28.199999
28.236375
28.287278
28.28703
28.219242
28.302176
28.315833
28.327503
28.374433
28.365121
28.370832
28.562896
28.482321
28.51187
28.628449
28.687918
28.731619
28.637388
28.698222
28.744407
28.751856
28.866325
29.006741
28.937092
28.944292
28.953728
28.928153
29.003141
28.933491
29.03182
28.923311
29.011335
29.051064
29.080488
29.05665
29.109167
29.115499
29.167767
29.170374
29.045104
29.117237
29.126797
29.130894
29.201412
29.249459
29.173602
29.391862
29.307687
29.314763
29.29912
29.303962
29.306942
29.337856
29.366783
29.503599
29.464864
29.528678
29.568903
29.407133
29.505461
29.366659
29.351885
29.395835
29.407009
29.326558
29.480879
29.463622
29.498757
29.449593
29.41992
29.362314
29.361941
29.35921
29.321468
29.431963
29.327551
29.286581
29.339221
29.512166
29.372991
29.262495
29.181672
29.198557
29.161559
29.206502
29.304955
29.137225
29.22736
29.300486
29.341084
29.208489
29.187507
29.085081
29.079619
28.980421
29.028964
29.097993
29.014563
28.922814
28.983525
28.956335
28.88172
28.904067
28.883458
28.794813
28.717342
28.568731
28.693753
28.670412
28.644216
28.657873
28.465561
28.503055
28.636394
28.621
28.395663
28.31844
28.23712
28.263068
28.325268
28.372074
28.404105
28.304287
28.22545
28.242459
28.270021
28.223836
28.256488
28.105146
28.127245
28.127369
28.151828
28.092979
28.107008
28.015756
28.080564
28.0386
28.006942
28.02482
27.948093
27.918421
28.001603
27.956412
27.999741
28.096704
27.940768
27.969572
27.970068
27.836604
27.975531
27.917924
27.895949
27.95964
27.903523
27.925125
27.93245
27.857338
27.878196
27.895204
27.771797
27.789551
27.842564
27.820092
27.885893
27.935926
27.881672
27.967834
27.936547
27.785081
27.836232
27.814257
27.87981
27.977642
27.882665
27.981118
27.936671
27.918048
28.027178
28.012777
28.012156
28.095338
27.93903
28.045677
28.310246
28.162505
28.148724
28.332966
28.266048
28.274987
28.229671
28.230913
28.299321
28.24519
28.284422
28.364252
28.340043
28.464195
28.49573
28.437875
28.568607
28.461464
28.361769
28.509759
28.689283
28.546136
28.622241
28.717094
28.653279
28.741676
28.741924
28.800152
28.866697
28.87067
28.952859
28.934236
28.930512
29.007859
29.147778
29.095014
29.168139
29.178941
29.294278
29.202778
29.186514
29.104325
29.226367
29.315632
29.20166
29.35561
29.282111
29.353871
29.413837
29.436929
29.368273
29.545687
29.471071
29.523588
29.525822
29.407505
29.528802
29.485349
29.531658
29.518001
29.416568
29.498509
29.552391
29.459898
29.401794
29.425756
29.421907
29.433701
29.423893
29.383668
29.46387
29.391738
29.462132
29.372494
29.313398
29.229843
29.293037
29.255791
29.300858
29.243748
29.22885
29.411975
29.39509
29.291174
29.168015
29.237168
29.154855
29.267213
29.181424
29.073535
29.042497
29.081978
29.021639
29.033061
28.938954
28.887679
28.945162
28.86707
28.878243
28.637512
28.752353
28.883582
28.750118
28.597162
28.619882
28.471768
28.326138
28.258847
28.143509
28.270641
28.320302
28.176534
28.175913
28.186838
28.094221
28.02842
27.985463
27.85709
27.915565
27.860442
27.784585
27.749822
27.585817
27.521754
27.62269
27.717666
27.551923
27.565207
27.583458
27.439813
27.487115
27.355762
27.352038
27.493695
27.467748
27.36259
27.371405
27.430998
27.457691
27.284871
27.204296
27.269104
27.049975
27.093552
27.125335
27.093304
26.990257
26.981691
26.924332
27.018192
27.033214
26.920235
26.973124
26.854062
26.878024
26.901488
26.96493
26.943079
26.941838
26.928554
26.925946
26.942583
26.9144
26.911669
26.863994
26.930788
26.965923
26.957481
27.076047
27.15389
27.266497
27.180707
27.164443
27.148924
27.249984
27.160843
27.285244
27.418956
27.350424
27.42268
27.445897
27.465389
27.403064
27.471596
27.431743
27.446642
27.64752
27.61611
27.564835
27.598356
27.694574
27.765589
27.664405
27.637712
27.892101
27.844923
27.842564
27.94201
27.954798
28.163125
28.216635
28.216138
28.324151
28.37046
28.350596
28.352458
28.427198
28.531982
28.563889
28.504048
28.678979
28.787736
28.83119
28.932498
29.014687
29.044608
29.134122
29.213827
29.114505
29.220656
29.207123
29.207371
29.406264
29.50273
29.482369
29.496647
29.542956
29.526195
29.782942
29.654072
29.660404
29.933167
29.937512
29.829623
29.85284
29.91293
29.847501
29.907964
29.89828
29.942602
29.968923
29.892072
29.931677
29.932918
29.986428
30.012003
30.024046
30.028888
29.938257
29.913675
29.847253
29.90697
29.806779
29.887975
29.968302
30.033233
29.946948
29.948437
29.969916
29.851102
29.744455
29.76494
29.867242
29.800696
29.90337
29.781328
29.849115
29.84179
29.656803
29.597583
29.729929
29.67046
29.637063
29.667232
29.472313
29.576228
29.546556
29.484356
29.498633
29.351637
29.359086
29.377336
29.202281
29.072542
29.171491
29.125431
29.081978
29.060127
29.019529
29.003141
28.992215
28.950624
28.883458
28.871912
28.787364
28.657997
28.622986
28.621496
28.60635
28.585244
28.597659
28.449545
28.501192
28.478348
28.515346
28.363011
28.254502
28.273
28.171444
28.205461
28.216263
28.096207
28.163746
28.203475
27.940148
28.019853
27.952439
27.779246
27.959515
27.878071
27.761989
27.874719
27.719156
27.686628
27.776018
27.588051
27.61313
27.623807
27.572781
27.560241
27.566449
27.524113
27.642306
27.55453
27.436834
27.449621
27.578119
27.472217
27.481529
27.476562
27.438323
27.483143
27.492951
27.647148
27.532679
27.471596
27.504373
27.476811
27.213856
27.532059
27.645534
27.597239
27.514926
27.560241
27.627035
27.484881
27.571911
27.582713
27.545964
27.475818
27.59339
27.675827
27.734675
27.701154
27.705003
27.736165
27.767327
27.723005
27.762858
27.78384
27.771673
27.715308
27.783964
27.897812
27.998748
27.952687
27.948838
28.090869
28.195033
28.123148
28.15518
28.139909
28.240348
28.380889
28.356803
28.517953
28.583257
28.563269
28.506407
28.590086
28.565131
28.574318
28.66048
28.634656
28.731495
28.786122
28.790343
29.007859
29.081357
29.080984
29.133128
29.162925
29.079867
29.16876
29.105318
29.209855
29.324199
29.315508
29.411726
29.51738
29.585788
29.541093
29.564931
29.479265
29.580325
29.547425
29.652458
29.791385
29.889217
29.925966
29.954769
29.895548
29.76854
29.879905
29.802558
29.886734
30.088854
30.108718
30.155275
30.296312
30.36112
30.203074
30.263164
30.094565
30.101145
30.151551
30.17663
30.332068
30.230388
30.165332
30.306369
30.363727
30.279304
30.428535
30.406187
30.294078
30.24839
30.235726
30.289112
30.12672
30.150309
30.184079
30.212013
30.238582
30.232374
30.086619
30.065886
30.099655
30.040062
30.138763
29.946451
29.864759
29.915413
29.86451
29.825278
29.805786
29.907095
29.890706
29.880154
29.72757
29.653824
29.745448
29.727694
29.708699
29.662763
29.66686
29.531037
29.410609
29.365914
29.358341
29.204516
29.114505
29.162056
29.125679
29.17981
29.079991
28.985511
28.98129
28.963784
28.91102
28.759802
28.777432
28.693256
28.652162
28.632422
28.623607
28.629069
28.457987
28.388586
28.326138
28.153814
28.049402
28.115575
28.173182
28.037607
27.906254
28.052133
28.025564
27.784833
27.721639
27.72226
27.64752
27.598853
27.623683
27.628153
27.545219
27.599846
27.648762
27.558255
27.630884
27.45645
27.439068
27.352038
27.37513
27.506359
27.579857
27.476562
27.566449
27.490592
27.548447
27.328076
27.37215
27.36706
27.352534
27.248619
27.248619
27.426405
27.390897
27.359983
27.433978
27.417838
27.450987
27.517284
27.40145
27.525851
27.542115
27.502386
27.532555
27.613254
27.549688
27.581595
27.510332
27.578492
27.738897
27.648514
27.680793
27.757147
27.733682
27.773163
27.72226
27.794393
27.925373
27.969323
27.99912
28.049278
28.205213
28.086896
28.251274
28.317943
28.359535
28.374185
28.434647
28.52565
28.612061
28.534589
28.502558
28.562151
28.456746
28.784508
28.709769
28.753594
28.943051
29.062237
29.076142
29.020646
29.020522
29.091537
29.14604
28.997057
29.142688
29.280373
29.289809
29.400056
29.452697
29.518125
29.433826
29.493915
29.542211
29.572131
29.697029
29.707706
29.836948
29.772389