27.1176
27.1525
27.1914
27.2671
27.3642
27.4504
27.5674
27.558
27.627
27.6689
27.6623
27.7131
27.6951
27.6809
27.7225
27.7204
27.8304
28.018
28.1107
28.1667
28.0842
28.1991
28.2596
28.1326
28.2814
28.2879
28.3352
28.3825
28.3909
28.4456
28.5229
28.5933
28.5768
28.5934
28.6905
28.7692
28.7754
28.945
29.029
29.0079
28.9855
29.0655
29.1153
29.0353
29.0786
29.1486
29.2796
29.2682
29.3454
29.3894
29.3809
29.5319
29.6042
29.562
29.5118
29.5986
29.6551
29.7967
29.7125
29.7277
29.7928
29.7795
29.7477
29.7231
29.8018
29.7061
29.6952
29.7266
29.7504
29.8459
29.853
29.8988
29.7859
29.7263
29.8754
29.8662
29.7171
29.686
29.7721
29.7673
29.7307
29.787
29.9113
29.7797
29.7978
29.6746
29.6064
29.7354
29.5678
29.5886
29.4801
29.4927
29.6163
29.4723
29.3695
29.4147
29.2814
29.1694
29.0655
29.0928
29.2044
29.0607
28.8564
28.9535
28.9796
28.8959
28.9576
28.8643
28.6694
28.687
28.5766
28.5504
28.5723
28.5266
28.4327
28.3434
28.305
28.2358
28.2629
28.1849
28.0423
28.0446
27.9356
27.7939
27.739
27.6778
27.7028
27.6615
27.598
27.6489
27.6052
27.4605
27.4618
27.5092
27.4265
27.4461
27.2654
27.3524
27.3371
27.1476
26.9776
26.9421
26.93
27.0203
26.9196
26.8958
26.9139
26.8885
26.9641
26.8831
26.7883
26.7802
26.8695
26.6625
26.6929
26.7166
26.5894
26.5279
26.6223
26.6589
26.6179
26.6111
26.606
26.5957
26.5288
26.6158
26.4512
26.5229
26.5742
26.4763
26.5339
26.5865
26.5725
26.569
26.6872
26.6614
26.6226
26.603
26.6779
26.6975
26.7973
26.9435
26.8618
26.9611
26.9045
26.9051
26.9438
27.047
27.0541
27.217
27.2496
27.2122
27.2974
27.3145
27.4588
27.4027
27.4666
27.5434
27.5666
27.5303
27.5504
27.6979
27.7265
27.7388
27.8138
27.8175
27.9328
27.9399
27.9696
27.956
27.987
28.1301
28.1943
28.2646
28.3657
28.4529
28.4988
28.6522
28.5829
28.5838
28.6345
28.7082
28.786
28.858
29.0461
29.0533
29.1043
29.1668
29.268
29.1083
29.0999
29.206
29.1837
29.2539
29.3046
29.4246
29.4907
29.5255
29.5847
29.6662
29.5883
29.5759
29.6995
29.6652
29.6147
29.5868
29.6093
29.5889
29.6757
29.7149
29.666
29.7538
29.7127
29.7195
29.9015
29.6845
29.5901
29.6998
29.6299
29.7125
29.6311
29.676
29.7565
29.6353
29.6065
29.652
29.5752
29.5307
29.5187
29.4267
29.5308
29.4133
29.4207
29.4241
29.2752
29.3876
29.4562
29.2944
29.2226
29.2723
29.2005
29.151
29.1139
28.9203
28.9922
28.9968
28.8728
29.0141
28.7912
28.7447
28.6509
28.5538
28.51
28.5176
28.4517
28.3533
28.2941
28.2317
28.269
28.0688
28.0862
27.9239
27.796
27.7711
27.6788
27.7431
27.741
27.6694
27.5371
27.5606
27.417
27.3332
27.3313
27.3646
27.3339
27.2556
27.2918
27.2191
27.1561
26.9462
26.9017
26.7941
26.788
26.8595
26.8837
26.7228
26.6563
26.6563
26.5956
26.5634
26.4333
26.362
26.3678
26.3743
26.2712
26.3116
26.3051
26.2442
26.3146
26.2155
26.1156
26.0982
26.0451
26.0457
26.1127
26.1087
26.0425
26.1637
26.0898
26.1702
26.1789
26.0397
26.1495
25.9778
26.167
26.1403
26.1043
26.2373
26.1962
26.2154
26.2696
26.2047
26.182
26.2568
26.1312
26.2908
26.3443
26.3915
26.5179
26.5637
26.7021
26.6654
26.6027
26.5752
26.7384
26.6971
26.748
26.8526
26.9026
26.9621
27.0475
27.047
27.1225
27.1406
27.1488
27.3873
27.2617
27.2931
27.3784
27.4253
27.6036
27.589
27.7586
27.7408
27.7749
27.6949
27.7454
27.7802
28.0135
28.0767
28.2453
28.2341
28.3359
28.4251
28.5173
28.6854
28.6088
28.6671
28.7908
28.8542
28.9092
28.9049
28.9935
29.1013
29.2131
29.2488
29.2668
29.3474
29.3638
29.4584
29.4959
29.3159
29.4716
29.6562
29.6937
29.7495
29.705
29.6455
29.6897
29.799
29.8782
29.9123
29.83
29.799
29.8681
30.0008
29.9127
29.9663
30.0022
30.0957
30.0377
30.1658
30.1893
29.944
30.0317
30.1966
30.1092
30.1407
30.1705
30.0519
30.1093
29.8901
29.9385
30.1098
29.9693
30.0512
30.0182
29.8111
29.787
29.7985
29.7515
29.807
29.745
29.7312
29.7252
29.5248
29.506
29.4935
29.4615
29.4873
29.3136
29.2012
29.2901
29.1299
29.0296
28.8882
28.9342
28.9392
28.87
28.8446
28.8105
28.6478
28.5698
28.6416
28.4558
28.2395
28.1971
28.2809
28.0862
27.9694
28.0397
28.0428
28.0199
27.9094
27.7568
27.579
27.5727
27.5662
27.5674
27.4809
27.4502
27.4521
27.2675
27.0909
27.1214
27.0669
26.8573
26.8254
26.7047
26.7902
26.8058
26.6671
26.586
26.5698
26.4537
26.4125
26.2035
26.1464
26.1052
25.9581
26.0216
26.0514
26.0586
26.0663
26.0947
26.027
25.933
25.8663
25.8433
25.8355
25.7079
25.715
25.7223
25.7052
25.8487
25.8155
25.7608
25.7916
25.6845
25.7952
25.7918
25.6566
25.8225
25.7533
25.8312
25.7873
25.9212
26.0129
26.0498
25.989
25.9545
25.9639
25.9409
26.0734
26.0524
26.2429
26.182
26.2044
26.277
26.2804
26.3038
26.344
26.3088
26.2772
26.5238
26.5243
26.4868
26.7393
26.7775
26.8353
26.9701
26.9407
26.9812
26.9949
27.005
27.2332
27.317
27.3329
27.4825
27.5513
27.6706
27.6669
27.683
27.8382
27.7369
27.9346
27.9924
28.016
28.2109
28.3012
28.3214
28.3603
28.4374
28.4923
28.5171
28.6282
28.6803
28.8309
28.7259
28.9265
29.0501
29.0069
29.0775
29.1234
29.1285
29.1941
29.2577
29.2159
29.3321
29.52
29.593
29.6035
29.6445
29.7418
29.77
29.7764
29.8656
29.8552
29.9892
29.9688
29.8484
30.0165
30.1463
30.189
30.1282
30.1249
30.1895
30.1678
30.1655
30.2498
30.0541
30.166
30.2889
30.1832
30.3095
30.4239
30.4549
30.307
30.2313
30.1967
30.3183
30.2613
30.1992
30.2593
30.1225
30.1669
30.2192
30.1832
30.2027
30.0546
29.9864
30.0314
29.8358
29.7995
29.8142
29.7466
29.7785
29.7057
29.7087
29.7774
29.6887
29.5407
29.5816
29.411
29.4056
29.4549
29.3146
29.3083
29.2949
29.1375
29.0708
29.0461
28.9758
29.0569
28.8149
28.7563
28.7522
28.6322
28.6482
28.5661
28.4402
28.4019
28.4122
28.2786
28.2399
28.1897
28.0742
28.0105
27.9999
28.0222
27.9039
27.7065
27.6999
27.6275
27.5131
27.5403
27.4136
27.4064
27.3705
27.3512
27.1887
27.1671
27.1548
27.0989
27.0621
26.9341
26.9048
26.8606
26.8281
26.8054
26.8379
26.7714
26.6279
26.5937
26.6948
26.7442
26.6608
26.606
26.4408
26.4113
26.4586
26.4359
26.3401
26.3424
26.362
26.235
26.3221
26.3016
26.3186
26.3279
26.317
26.2765
26.2612
26.3993
26.4297
26.3781
26.4458
26.4729
26.4894
26.5637
26.501
26.5097
26.4946
26.5016
26.5674
26.5937
26.586
26.657
26.7113
26.8651
26.8781
26.8056
26.9891
26.9744
26.9988
27.1322
27.1745
27.2891
27.3745
27.5029
27.4864
27.4855
27.5101
27.6424
27.6453
27.6121
27.7286
27.7111
27.7077
27.9583
27.912
28.019
28.002
28.0171
28.2274
28.175
28.2957
28.4397
28.5002
28.6419
28.587
28.5936
28.7057
28.6679
28.7805
28.9156
29.0293
29.2071
29.2104
29.167
29.2717
29.4059
29.4788
29.4563
29.4522
29.531
29.6507
29.6911
29.8819
29.906
29.8969
30.0855
30.1095
30.11
30.2299
30.0947
30.1749
30.3189
30.4169
30.4342
30.5051
30.5328
30.5007
30.4916
30.4068
30.5051
30.4282
30.4772
30.6829
30.578
30.6417
30.5933
30.6392
30.6144
30.5635
30.5138
30.4621
30.358
30.4088
30.615
30.5483
30.5081
30.5252
30.5609
30.5287
30.4462
30.4047
30.4249
30.2787
30.2859
30.3363
30.1969
30.2241
30.1003
30.0692
30.093
29.9898
29.7831
29.7221
29.626
29.6338
29.634
29.6703
29.7273
29.6795
29.5917
29.4428
29.3797
29.1946
29.1837
29.0579
29.0045
29.055
28.9294
29.012
28.9642
28.8867
28.7531
28.6342
28.5019
28.4615
28.3301
28.2998
28.3348
28.1911
28.2037
28.2638
28.2108
28.0454
27.9886
27.7702
27.8489
27.708
27.637
27.6702
27.5993
27.5545
27.4784
27.5475
27.4897
27.3719
27.4427
27.4029
27.1269
27.1798
27.1661
27.1118
27.0939
27.01
27.0532
27.0367
26.8532
26.7833
26.8277
26.6843
26.6041
26.6418
26.7134
26.7849
26.5847
26.6439
26.585
26.5957
26.4255
26.4501
26.4363
26.4317
26.4367
26.4082
26.3877
26.2637
26.4928
26.3823
26.3264
26.448
26.4662
26.422
26.4735
26.5001
26.5218
26.5751
26.5405
26.6091
26.7644
26.6909
26.4607
26.6256
26.6337
26.6832
26.6511
26.7061
26.9228
26.9247
26.9533
26.9838
26.9692
26.9231
26.9202
27.0395
27.2898
27.2743
27.3068
27.3461
27.3775
27.4761
27.4666
27.5633
27.6067
27.5961
27.57
27.6486
27.7442
27.7322
27.8032
27.8013
27.9785
28.1227
28.0932
28.1105
28.2259
28.23
28.2909
28.3443
28.3958
28.5802
28.6514
28.7038
28.7213
28.7819
28.8691
28.9231
29.0123
29.1549
29.0796
29.0347
29.2372
29.2838
29.2676
29.3154
29.4919
29.5426
29.5706
29.5323
29.5724
29.6805
29.6972
29.8502
29.8341
29.9149
29.8759
29.878
30.0077
29.9817
29.9761
29.9611
30.012
30.1067
30.2103
30.1697
30.2277
30.2298
30.2377
30.2321
30.2557
30.2536
30.2774
30.1719
30.1671
30.2566
30.3877
30.5094
30.36
30.4068
30.4071
30.2908
30.3545
30.2798
30.1242
30.2067
30.2082
30.2093
30.1817
30.1189
30.1271
30.0632
29.8368
29.8116
29.8206
29.7222
29.7803
29.7891
29.7786
29.7513
29.6594
29.6111
29.5499
29.4634
29.3468
29.3554
29.2904
29.1251
29.0504
28.9953
29.057
28.9267
28.8689
28.8801
28.7944
28.6697
28.5713
28.5084
28.4489
28.4474
28.3764
28.1944
28.222
28.2088
28.2422
28.145
28.039
27.9229
27.7711
27.7919
27.7483
27.6587
27.5198
27.4329
27.5054
27.4615
27.4818
27.4674
27.4273
27.2789
27.1939
27.0304
26.8605
26.8918
26.8091
26.7855
26.7117
26.737
26.6886
26.4965
26.4543
26.4783
26.4112
26.3935
26.4213
26.2586
26.242
26.2666
26.1304
26.1555
26.1646
26.043
26.007
26.0668
26.137
26.1905
26.166
26.1243
26.1716
26.0717
26.0564
26.2041
26.0926
25.97
26.1067
26.1569
26.0844
26.1637
26.1466
26.1203
26.124
26.1414
26.2373
26.2204
26.266
26.2801
26.3386
26.3349
26.246
26.4108
26.6306
26.5118
26.6572
26.6733
26.6312
26.7138
26.8708
26.93
26.8925
26.9828
27.0518
27.1929
27.193
27.3272
27.4968
27.3821
27.4535
27.6463
27.7144
27.6869
27.5959
27.7666
27.8365
27.8586
27.9709
28.1116
28.0451
28.0874
28.1927
28.2392
28.4301
28.4548
28.4937
28.6602
28.6861
28.7331
28.8353
28.7486
28.921
29.0072
29.0418
29.0941
29.1807
29.2159
29.2287
29.2112
29.1844
29.4114
29.3645
29.4071
29.502
29.5764
29.6287
29.5978
29.644
29.8216
29.8166
29.8545
29.9183
29.7908
29.8271
29.868
30.0106
29.9642
30.0165
29.9724
30.0833
30.1391
30.1976
30.142
29.9682
30.1239
30.231
30.1071
30.2175
30.2192
30.175
30.2146
30.0889
30.0881
30.044
29.981
30.0036
29.9647
29.9544
29.9618
29.9008
29.8453
29.7248
29.7601
29.7682
29.7541
29.5348
29.5302
29.56
29.488
29.396
29.3504
29.2143
29.1464
29.1681
29.2106
29.0728
28.8543
28.8519
28.9134
28.8215
28.6986
28.6479
28.5659
28.4612
28.35
28.368
28.3342
28.1686
28.1407
28.1258
28.073
27.93
27.8313
27.7814
27.7647
27.6488
27.538
27.5756
27.3707
27.4099
27.2173
27.1827
27.3016
27.3323
27.1478
27.1806
27.0607
26.9158
26.848
26.7112
26.8003
26.6894
26.6012
26.5895
26.6014
26.558
26.6742
26.4013
26.4509
26.3853
26.199
26.2905
26.3692
26.4956
26.5237
26.4665
26.2766
26.3807
26.4966
26.2486
26.0635
26.1481
26.2636
26.2401
26.1778
26.2636
26.2209
26.2759
26.3202
26.3419
26.4045
26.3727
26.3715
26.4449
26.4074
26.4913
26.6367
26.6759
26.6583
26.6225
26.6472
26.8282
26.8595
26.8837
26.9535
27.0521
27.0804
27.0685
27.0198
27.1625
27.3739
27.4163
27.3836
27.537
27.5574
27.6329
27.739
27.7023
27.9343
27.9125
27.8633
28.047
28.1137
28.0806
28.2052
28.3913
28.4346
28.6189
28.7276
28.6323
28.6877
28.8252
28.9566
28.9712
29.0349
29.2459
29.0138
29.1563
29.3312
29.3354
29.5005
29.5139
29.6084
29.6352
29.6824
29.6644
29.7761
29.8009
29.8491
29.9215
30.0912
30.1852
30.051
30.1525
30.1507
30.1873
30.1519
30.322
30.3456
30.4182
30.5501
30.4441
30.5404
30.6186
30.5549
30.5362
30.5724
30.5604
30.5878
30.5876
30.5301
30.7683
30.8328
30.8138
30.6895
30.6518
30.6226
30.5915
30.5473
30.6138
30.6638
30.6103
30.6622
30.5835
30.5889
30.62
30.5095
30.3881
30.468
30.4208
30.4948
30.4835
30.4391
30.4145
30.2992
30.4355
30.3211
30.2018
30.1235
30.0761
29.9808
30.0895
30.0689
29.9227
29.8278
29.7651
29.8131
29.6553
29.6141
29.4054
29.3796
29.2616
29.2893
29.2867
29.1806
29.1875
29.0565
28.8938
28.8579
28.8394
28.7918
28.6286
28.3854
28.4361
28.3605
28.1755
28.2586
28.2423
28.0976
28.071
27.9619
27.797
27.6613
27.5561
27.6586
27.5636
27.5489
27.5708
27.5525
27.4687
27.4191
27.3911
27.2248
27.2064
27.1212
27.1531
27.1263
26.9842
27.0022
26.9523
27.0157
26.9791
26.9238
26.821
26.7826
26.6459
26.7172
26.7
26.7408
26.7388
26.8086
26.7828
26.7165
26.5889
26.6529
26.7901
26.5448
26.5644
26.7268
26.6323
26.6687
26.6843
26.7122
26.6667
26.5554
26.659
26.6768
26.7343
26.8105
26.8131
26.8538
26.9159
26.8567
26.9487
27.0017
26.8796
26.9076
26.9804
26.9436
27.137
27.2834
27.2677
27.3246
27.392
27.5054
27.5432
27.6404
27.5473
27.5295
27.5592
27.6577
27.8558
27.8405
27.8861
27.9508
27.9785
28.0307
28.146
28.3314
28.3716
28.2899
28.3793
28.4229
28.5809
28.6565
28.6618
28.8071
28.9026
28.9034
29.0946
29.1252
28.9755
29.1164
29.2393
29.1839
29.2981
29.446
29.586
29.5792
29.4984
29.5848
29.6506
29.7061
29.7839
29.8915
29.8875
29.9145
30.0593
30.0484
30.1381
30.2329
30.2249
30.2524
30.3472
30.3416
30.4298
30.3689
30.3562
30.3538
30.473
30.4922
30.4279
30.417
30.4467
30.4001
30.302
30.3897
30.3287
30.3501
30.4624
30.3867
30.2966
30.2972
30.2825
30.2999
30.2949
30.083
30.1416
30.1432
30.0799
30.0003
29.9575
29.9299
29.9458
29.8196
29.8438
29.7452
29.5977
29.6926
29.6939
29.6148
29.5945
29.6543
29.5322
29.4853
29.3917
29.2485
29.1968
29.0357
29.0677