0.00000000000000000000E+00
6.84425469007149000000E-01
1.36620493271458000000E+00
2.04271419849561000000E+00
2.71137248911100000000E+00
3.36966362760139000000E+00
4.01515660066374000000E+00
4.64552530301961000000E+00
5.25856727345416000000E+00
5.85222124326384000000E+00
6.42458332969574000000E+00
6.97392172047349000000E+00
7.49868971054786000000E+00
7.99753696863240000000E+00
8.46931892872148000000E+00
8.91310422046159000000E+00
9.32818007176897000000E+00
9.71405563726147000000E+00
1.00704632266967000000E+01
1.03973574284749000000E+01
1.06949121441624000000E+01
1.09635155707129000000E+01
1.12037631873972000000E+01
1.14164488241941000000E+01
1.16025539073511000000E+01
1.17632349957984000000E+01
1.18998097389115000000E+01
1.20137414016082000000E+01
1.21066221167661000000E+01
1.21801550373260000000E+01
1.22361355710764000000E+01
1.22764318898934000000E+01
1.23029649120437000000E+01
1.23176879609847000000E+01
1.23225663068674000000E+01
1.23195567976312000000E+01
1.23105877851777000000E+01
1.22975395486361000000E+01
1.22822254112138000000E+01
1.22663737396366000000E+01
1.22516110057814000000E+01
1.22394460788995000000E+01
1.22312559039308000000E+01
1.22282727069476000000E+01
1.22315728528931000000E+01
1.22420674636497000000E+01
1.22604948862685000000E+01
1.22874150820864000000E+01
1.23232059876583000000E+01
1.23680618781313000000E+01
1.24219937430926000000E+01
1.24848316642445000000E+01
1.25562291637093000000E+01
1.26356694715435000000E+01
1.27224736413630000000E+01
1.28158104240371000000E+01
1.29147077913952000000E+01
1.30180659849924000000E+01
1.31246719493611000000E+01
1.32332149950026000000E+01
1.33423035237839000000E+01
1.34504826385281000000E+01
1.35562524495361000000E+01
1.36580868836376000000E+01
1.37544527962206000000E+01
1.38438291835785000000E+01
1.39247262918712000000E+01
1.39957044200420000000E+01
1.40553922171426000000E+01
1.41025042796703000000E+01
1.41358578616625000000E+01
1.41543885193469000000E+01
1.41571645230232000000E+01
1.41433998814448000000E+01
1.41124658381419000000E+01
1.40639007147500000000E+01
1.39974179933055000000E+01
1.39129125474893000000E+01
1.38104649517396000000E+01
1.36903438168405000000E+01
1.35530061208150000000E+01
1.33990955245013000000E+01
1.32294386818784000000E+01
1.30450395757957000000E+01
1.28470719300689000000E+01
1.26368697687042000000E+01
1.24159162121181000000E+01
1.21858306184264000000E+01
1.19483541950076000000E+01
1.17053342214224000000E+01
1.14587070392298000000E+01
1.12104799771459000000E+01
1.09627123911940000000E+01
1.07174960088956000000E+01
1.04769347740495000000E+01
1.02431243941595000000E+01
1.00181317960499000000E+01
9.80397469661451000000E+00
9.60260149495550000000E+00
9.41587168940596000000E+00
9.24553701809997000000E+00
9.09322351492287000000E+00
8.96041466389764000000E+00
8.84843582443376000000E+00
8.75844008748744000000E+00
8.69139570868073000000E+00
8.64807524894128000000E+00
8.62904653641092000000E+00
8.63466554539740000000E+00
8.66507126919019000000E+00
8.72018264381920000000E+00
8.79969755950207000000E+00
8.90309397580641000000E+00
9.02963313565566000000E+00
9.17836485244205000000E+00
9.34813482388665000000E+00
9.53759390611191000000E+00
9.74520926187114000000E+00
9.96927727820556000000E+00
1.02079381311637000000E+01
1.04591918587960000000E+01
1.07209157885939000000E+01
1.09908831520332000000E+01
1.12667827070330000000E+01
1.15462391790871000000E+01
1.18268343236509000000E+01
1.21061284061660000000E+01
1.23816818919351000000E+01
1.26510771359663000000E+01
1.29119398629024000000E+01
1.31619602292510000000E+01
1.33989132642947000000E+01
1.36206784922673000000E+01
1.38252585465506000000E+01
1.40107965967043000000E+01
1.41755924209887000000E+01
1.43181169705498000000E+01
1.44370252864790000000E+01
1.45311676473827000000E+01
1.45995988427331000000E+01
1.46415854859435000000E+01
1.46566113006349000000E+01
1.46443803337331000000E+01
1.46048180696609000000E+01
1.45380704407523000000E+01
1.44445007499180000000E+01
1.43246845423060000000E+01
1.41794024830367000000E+01
1.40096313178337000000E+01
1.38165330123260000000E+01
1.36014421837674000000E+01
1.33658519557379000000E+01
1.31113983818729000000E+01
1.28398435986701000000E+01
1.25530578798007000000E+01
1.22530007749813000000E+01
1.19417015252378000000E+01
1.16212389532291000000E+01
1.12937210321198000000E+01
1.09612643392629000000E+01
1.06259736016359000000E+01
1.02899215385709000000E+01
9.95512920383911000000E+00
9.62354702363764000000E+00
9.29703671952776000000E+00
8.97735429597535000000E+00
8.66613426093735000000E+00
8.36487523503730000000E+00
8.07492709041141000000E+00
7.79747974443000000000E+00
7.53355371636946000000E+00
7.28399253690140000000E+00
7.04945708116256000000E+00
6.83042187636628000000E+00
6.62717341461377000000E+00
6.43981048096771000000E+00
6.26824648617094000000E+00
6.11221377283768000000E+00
5.97126984372382000000E+00
5.84480544099983000000E+00
5.73205438650547000000E+00
5.63210507495059000000E+00
5.54391349512438000000E+00
5.46631763855698000000E+00
5.39805314090111000000E+00
5.33776998871048000000E+00
5.28405011341423000000E+00
5.23542568523213000000E+00
5.19039791263596000000E+00
5.14745614781035000000E+00
5.10509709545367000000E+00
5.06184392121786000000E+00
5.01626505712586000000E+00
4.96699250441626000000E+00
4.91273943941462000000E+00
4.85231693516883000000E+00
4.78464962063818000000E+00
4.70879011010153000000E+00
4.62393204803895000000E+00
4.52942162891574000000E+00
4.42476746691400000000E+00
4.30964870755747000000E+00
4.18392129118797000000E+00
4.04762229719452000000E+00
3.90097231757747000000E+00
3.74437582864889000000E+00
3.57841955022425000000E+00
3.40386880233798000000E+00
3.22166189011025000000E+00
3.03290256769223000000E+00
2.83885065201887000000E+00
2.64091087619934000000E+00
2.44062009058205000000E+00
2.23963293665957000000E+00
2.03970613485313000000E+00
1.84268154167747000000E+00
1.65046814468467000000E+00
1.46502317479178000000E+00
1.28833252499491000000E+00
1.12239067196696000000E+00
9.69180302550470000000E-01
8.30651850633462000000E-01
7.08703151299402000000E-01
6.05159418456247000000E-01
5.21753749379857000000E-01
4.60108354781009000000E-01
4.21716706169571000000E-01
4.07926783512787000000E-01
4.19925595553588000000E-01
4.58725132776381000000E-01
5.25149899004980000000E-01
6.19826152131010000000E-01
7.43172967656166000000E-01
8.95395220756972000000E-01
1.07647856362647000000E+00
1.28618645510421000000E+00
1.52405927927189000000E+00
1.78941556897191000000E+00
2.08135532930784000000E+00
2.39876543531947000000E+00
2.74032705740137000000E+00
3.10452504785874000000E+00
3.48965920247220000000E+00
3.89385729226947000000E+00
4.31508974306540000000E+00
4.75118582390906000000E+00
5.19985119053364000000E+00
5.65868661639293000000E+00
6.12520773202299000000E+00
6.59686558340899000000E+00
7.07106781186555000000E+00
7.54520025173752000000E+00
8.01664873805851000000E+00
8.48282091420950000000E+00
8.94116782961955000000E+00
9.38920511964613000000E+00
9.82453356394187000000E+00
1.02448588258162000000E+01
1.06480101832719000000E+01
1.10319580724545000000E+01
1.13948302760998000000E+01
1.17349266030732000000E+01
1.20507319201421000000E+01
1.23409274135394000000E+01
1.26043999755202000000E+01
1.28402496297797000000E+01
1.30477949291282000000E+01
1.32265762789913000000E+01
1.33763571609282000000E+01
1.34971232512274000000E+01
1.35890794505362000000E+01
1.36526448612019000000E+01
1.36884457693370000000E+01
1.36973067083605000000E+01
1.36802396997264000000E+01
1.36384317845211000000E+01
1.35732309764290000000E+01
1.34861307820505000000E+01
1.33787534485599000000E+01
1.32528321110690000000E+01
1.31101920226943000000E+01
1.29527310590992000000E+01
1.27823996961236000000E+01
1.26011806639326000000E+01
1.24110684838925000000E+01
1.22140490950628000000E+01
1.20120797757938000000E+01
1.18070695624400000000E+01
1.16008603616874000000E+01
1.13952089454967000000E+01
1.11917700082677000000E+01
1.09920804546234000000E+01
1.07975450733141000000E+01
1.06094237382821000000E+01
1.04288202620516000000E+01
1.02566730094808000000E+01
1.00937473617064000000E+01
9.94063010101025000000E+00
9.79772576753380000000E+00
9.66525501846944000000E+00
9.54325499976017000000E+00
9.43158171966306000000E+00
9.32991439297771000000E+00
9.23776170452203000000E+00
9.15446992075631000000E+00
9.07923275951417000000E+00
9.01110290978579000000E+00
8.94900507659885000000E+00
8.89175041042596000000E+00
8.83805216637289000000E+00
8.78654242581324000000E+00
8.73578970225892000000E+00
8.68431724420403000000E+00
8.63062184054143000000E+00
8.57319292900176000000E+00
8.51053180495352000000E+00
8.44117072686297000000E+00
8.36369171575473000000E+00
8.27674484912604000000E+00
8.17906585492030000000E+00
8.06949281830461000000E+00
7.94698182305043000000E+00
7.81062136019431000000E+00
7.65964534924609000000E+00
7.49344463138889000000E+00
7.31157680973264000000E+00
7.11377432858621000000E+00
6.89995070172654000000E+00
6.67020481858895000000E+00
6.42482327698468000000E+00
6.16428071117359000000E+00
5.88923810467426000000E+00
5.60053909787444000000E+00
5.29920432109990000000E+00
4.98642380410236000000E+00
4.66354753273052000000E+00
4.33207424265030000000E+00
3.99363855818970000000E+00
3.64999660151330000000E+00
3.30301021320747000000E+00
2.95462993981973000000E+00
2.60687695679583000000E+00
2.26182410646506000000E+00
1.92157624012395000000E+00
1.58825006076495000000E+00
1.26395366851129000000E+00
9.50766014298297000000E-01
6.50716468745276000000E-01
3.65764712477321000000E-01
9.77811513883735000000E-02
-1.51471944488336000000E-01
-3.80358386670438000000E-01
-5.87384915420815000000E-01
-7.71216776019643000000E-01
-9.30691864064709000000E-01
-1.06483329375273000000E+00
-1.17286025857924000000E+00
-1.25419707070888000000E+00
-1.30848028324154000000E+00
-1.33556381855322000000E+00
-1.33552204563254000000E+00
-1.30865076966715000000E+00
-1.25546611785347000000E+00
-1.17670132630093000000E+00
-1.07330145376698000000E+00
-9.46416068583098000000E-01
-7.97389975305679000000E-01
-6.27752067147922000000E-01
-4.39202408921449000000E-01
-2.33597672852979000000E-01
-1.29350660633337000000E-02
2.20665096461385000000E-01
4.64978006064549000000E-01
7.17693982593592000000E-01
9.76438915309204000000E-01
1.23879532511294000000E+00
1.50232384447561000000E+00
1.76458490727940000000E+00
2.02316043869148000000E+00
2.27567533518683000000E+00
2.51981852693342000000E+00
2.75336341892161000000E+00
2.97418751342209000000E+00
3.18029102452682000000E+00
3.36981430558678000000E+00
3.54105392220466000000E+00
3.69247721695251000000E+00
3.82273522702712000000E+00
3.93067383247754000000E+00
4.01534303027598000000E+00
4.07600424817599000000E+00
4.11213563182353000000E+00
4.12343525876111000000E+00
4.10982225358810000000E+00
4.07143579940618000000E+00
4.00863206157619000000E+00
3.92197906053206000000E+00
3.81224955073063000000E+00
3.68041198255831000000E+00
3.52761964296894000000E+00
3.35519808860098000000E+00
3.16463100193574000000E+00
2.95754461654435000000E+00
2.73569087147210000000E+00
2.50092946718675000000E+00
2.25520900614678000000E+00
2.00054740982140000000E+00
1.73901181082824000000E+00
1.47269812367944000000E+00
1.20371050039572000000E+00
9.34140877931861000000E-01
6.66048822953480000000E-01
4.01441876026376000000E-01
1.42256591764396000000E-01
-1.09659536014348000000E-01
-3.52565084472594000000E-01
-5.84840478837267000000E-01
-8.05002380838046000000E-01
-1.01171654742031000000E+00
-1.20380903452776000000E+00
-1.38027563788020000000E+00
-1.54028948088004000000E+00
-1.68320667888447000000E+00
-1.80857002888283000000E+00
-1.91611069392154000000E+00
-2.00574787221418000000E+00
-2.07758646155478000000E+00
-2.13191275020706000000E+00
-2.16918818566365000000E+00
-2.19004129235219000000E+00
-2.19525782830964000000E+00
-2.18576928886091000000E+00
-2.16263988224008000000E+00
-2.12705211771062000000E+00
-2.08029116091762000000E+00
-2.02372812379574000000E+00
-1.95880246723409000000E+00
-1.88700370375390000000E+00
-1.80985259459414000000E+00
-1.72888204075218000000E+00
-1.64561787063973000000E+00
-1.56155972805548000000E+00
-1.47816226313640000000E+00
-1.39681682583884000000E+00
-1.31883385635031000000E+00
-1.24542615969522000000E+00
-1.17769324274570000000E+00
-1.11660688097240000000E+00
-1.06299806968178000000E+00
-1.01754550031144000000E+00
-9.80765686738904000000E-01
-9.53004849658931000000E-01
-9.34432649071570000000E-01
-9.25037835980399000000E-01
-9.24625874719499000000E-01
-9.32818567108297000000E-01
-9.49055689080197000000E-01
-9.72598629752727000000E-01
-1.00253600231289000000E+00
-1.03779117579082000000E+00
-1.07713165699355000000E+00
-1.11918023276945000000E+00
-1.16242776456694000000E+00
-1.20524751012310000000E+00
-1.24591083124282000000E+00
-1.28260413216893000000E+00
-1.31344686014487000000E+00
-1.33651038856616000000E+00
-1.34983759371855000000E+00
-1.35146292860636000000E+00
-1.33943279186044000000E+00
-1.31182598623844000000E+00
-1.26677405982695000000E+00
-1.20248132374149000000E+00
-1.11724434288960000000E+00
-1.00947070118866000000E+00
-8.77696849465581000000E-01
-7.20604853042145000000E-01
-5.37037866640861000000E-01
-3.26014176624650000000E-01
-8.67396645864182000000E-02
1.81381438209037000000E-01
4.78737619213380000000E-01
8.05503071521350000000E-01
1.16163267608902000000E+00
1.54685903625468000000E+00
1.96069160123858000000E+00
2.40241789457827000000E+00
2.87110684255756000000E+00
3.36561417682116000000E+00
3.88458986474307000000E+00
4.42648750094164000000E+00
4.98957557381241000000E+00
5.57195050227549000000E+00
6.17155132029865000000E+00
6.78617587033365000000E+00
7.41349835176092000000E+00
8.05108805692557000000E+00
8.69642911550263000000E+00
9.34694105787049000000E+00
1.00000000000002000000E+01
1.06529602461672000000E+01
1.13031761016205000000E+01
1.19480236852539000000E+01
1.25849225323158000000E+01
1.32113567793000000000E+01
1.38248957273179000000E+01
1.44232135864646000000E+01
1.50041082118540000000E+01
1.55655186520639000000E+01
1.61055413425720000000E+01
1.66224447902787000000E+01
1.71146826102545000000E+01
1.75809047922728000000E+01
1.80199670923242000000E+01
1.84309384629850000000E+01
1.88131064560316000000E+01
1.91659805508691000000E+01
1.94892933829663000000E+01
1.97829998673554000000E+01
2.00472742331520000000E+01
2.02825050057736000000E+01
2.04892879938655000000E+01
2.06684173576887000000E+01
2.08208748546779000000E+01
2.09478173758513000000E+01
2.10505629035703000000E+01
2.11305750366334000000E+01
2.11894462426904000000E+01
2.12288800103422000000E+01
2.12506720839221000000E+01
2.12566909727325000000E+01
2.12488579333446000000E+01
2.12291266283948000000E+01
2.11994626680848000000E+01
2.11618232412725000000E+01
2.11181370416430000000E+01
2.10702846909699000000E+01
2.10200798559632000000E+01
2.09692512477059000000E+01
2.09194256832831000000E+01
2.08721123780020000000E+01
2.08286886237030000000E+01
2.07903869941995000000E+01
2.07582842030132000000E+01
2.07332917214394000000E+01
2.07161482467725000000E+01
2.07074140914196000000E+01
2.07074675438299000000E+01
2.07165032318646000000E+01
2.07345324986417000000E+01
2.07613857802078000000E+01
2.07967169538392000000E+01
2.08400096055522000000E+01
2.08905851457257000000E+01
2.09476126827907000000E+01
2.10101205469345000000E+01
2.10770093388617000000E+01
2.11470663630430000000E+01
2.12189812907031000000E+01
2.12913628852136000000E+01
2.13627566116802000000E+01
2.14316629434609000000E+01
2.14965561712128000000E+01
2.15559035149191000000E+01
2.16081843362311000000E+01
2.16519092474271000000E+01
2.16856389143251000000E+01
2.17080023536040000000E+01
2.17177145301374000000E+01
2.17135930670846000000E+01
2.16945738905366000000E+01
2.16597256413952000000E+01
2.16082626997496000000E+01
2.15395566811973000000E+01
2.14531462801676000000E+01
2.13487453522149000000E+01
2.12262491452574000000E+01
2.10857386086865000000E+01
2.09274827289525000000E+01
2.07519388604527000000E+01
2.05597510411049000000E+01
2.03517463026689000000E+01
2.01289290064722000000E+01
1.98924732555026000000E+01
1.96437134536284000000E+01
1.93841331018144000000E+01
1.91153519394072000000E+01
1.88391115556952000000E+01
1.85572596128234000000E+01
1.82717328356068000000E+01
1.79845389366850000000E+01
1.76977376566679000000E+01
1.74134211083240000000E+01
1.71336936213550000000E+01
1.68606512898196000000E+01
1.65963614277459000000E+01
1.63428421398756000000E+01
1.61020422137999000000E+01
1.58758215369777000000E+01
1.56659322373020000000E+01
1.54740007390464000000E+01
1.53015109172475000000E+01
1.51497885229499000000E+01
1.50199870393627000000E+01
1.49130751149747000000E+01
1.48298257041899000000E+01
1.47708070292329000000E+01
1.47363754590962000000E+01
1.47266703823523000000E+01
1.47416111309085000000E+01
1.47808959914505000000E+01
1.48440033206000000000E+01
1.49301947589177000000E+01
1.50385205180114000000E+01
1.51678266943928000000E+01
1.53167645435456000000E+01
1.54838016281513000000E+01
1.56672347357423000000E+01
1.58652044434172000000E+01
1.60757111908318000000E+01
1.62966327076337000000E+01
1.65257426280019000000E+01
1.67607301131021000000E+01
1.69992202922137000000E+01
1.72387953251130000000E+01
1.74770158820933000000E+01
1.77114428338365000000E+01
1.79396589412530000000E+01
1.81592903354072000000E+01
1.83680275797431000000E+01
1.85636461109911000000E+01
1.87440258613399000000E+01
1.89071698726293000000E+01
1.90512217233758000000E+01
1.91744816012921000000E+01
1.92754208674670000000E+01
1.93526949734218000000E+01
1.94051546086758000000E+01
1.94318549740930000000E+01
1.94320630949529000000E+01
1.94052631072139000000E+01
1.93511594706056000000E+01
1.92696780828168000000E+01
1.91609652899066000000E+01
1.90253848089649000000E+01
1.88635125997693000000E+01
1.86761297425157000000E+01
1.84642133984460000000E+01
1.82289259491446000000E+01
1.79716024282555000000E+01
1.76937363761782000000E+01
1.73969642637934000000E+01
1.70830486452656000000E+01
1.67538602123506000000E+01
1.64113589332623000000E+01
1.60575744679339000000E+01
1.56945860583359000000E+01
1.53245020973458000000E+01
1.49494395824264000000E+01
1.45715036610573000000E+01
1.41927674734613000000E+01
1.38152524946848000000E+01
1.34409095725802000000E+01
1.30716008507400000000E+01
1.27090827560331000000E+01
1.23549902191872000000E+01
1.20108222839603000000E+01
1.16779292459821000000E+01
1.13575014464716000000E+01
1.10505598289051000000E+01
1.07579483485006000000E+01
1.04803283052839000000E+01
1.02181746516959000000E+01
9.97177430539954000000E+00
9.74122647734908000000E+00
9.52644500450482000000E+00
9.32716265602012000000E+00
9.14293736150724000000E+00
8.97316029030631000000E+00
8.81706569173559000000E+00
8.67374238828826000000E+00
8.54214679683725000000E+00
8.42111733729283000000E+00
8.30939007397980000000E+00
8.20561542241182000000E+00
8.10837574326161000000E+00
8.01620363627179000000E+00
7.92760073971218000000E+00
7.84105683583626000000E+00
7.75506905967795000000E+00
7.66816100748704000000E+00
7.57890154214253000000E+00
7.48592309599290000000E+00
7.38793927672319000000E+00
7.28376158898624000000E+00
7.17231509358730000000E+00
7.05265283688809000000E+00
6.92396889568408000000E+00
6.78560989698432000000E+00
6.63708488773867000000E+00
6.47807344645846000000E+00
6.30843194668851000000E+00
6.12819790123218000000E+00
5.93759233571098000000E+00
5.73702016026088000000E+00
5.52706852871964000000E+00
5.30850319533804000000E+00
5.08226289964248000000E+00
4.84945183037577000000E+00
4.61133023924592000000E+00
4.36930329431191000000E+00
4.12490828104481000000E+00
3.87980027622803000000E+00
3.63573643573778000000E+00
3.39455905170363000000E+00
3.15817754744780000000E+00
2.92854958980880000000E+00
2.70766150785091000000E+00
2.49750821445792000000E+00
2.30007283282138000000E+00
2.11730623331238000000E+00
1.95110668762701000000E+00
1.80329984641119000000E+00
1.67561924379985000000E+00
1.56968752747944000000E+00
1.48699860604797000000E+00
1.42890089666887000000E+00
1.39658184538505000000E+00
1.39105388008032000000E+00
1.41314194207306000000E+00
1.46347272684026000000E+00
1.54246574755550000000E+00
1.65032631714932000000E+00
1.78704052564671000000E+00
1.95237226979261000000E+00
2.14586237164345000000E+00
2.36682980208112000000E+00
2.61437500430935000000E+00
2.88738529152423000000E+00
3.18454227232867000000E+00
3.50433123728380000000E+00
3.84505242046928000000E+00
4.20483403125103000000E+00
4.58164693381652000000E+00
4.97332083561794000000E+00
5.37756183081735000000E+00
5.79197113131924000000E+00
6.21406480612748000000E+00
6.64129433970822000000E+00
7.07106781186570000000E+00
7.50077149543853000000E+00
7.92779166395432000000E+00
8.34953639928349000000E+00
8.76345718933613000000E+00
9.16707010793751000000E+00
9.55797637319101000000E+00
9.93388208683493000000E+00
1.02926169652750000000E+01
1.06321518830297000000E+01
1.09506150611726000000E+01
1.12463067468687000000E+01
1.15177122451407000000E+01
1.17635131804303000000E+01
1.19825968831488000000E+01
1.21740638150914000000E+01
1.23372329671080000000E+01
1.24716451825990000000E+01
1.25770643810289000000E+01
1.26534766765182000000E+01
1.27010874074681000000E+01
1.27203161138980000000E+01
1.27117895195055000000E+01
1.26763325952044000000E+01
1.26149577998480000000E+01
1.25288526118226000000E+01
1.24193654820089000000E+01
1.22879903540955000000E+01
1.21363499122322000000E+01
1.19661777283900000000E+01
1.17792994924232000000E+01
1.15776135166081000000E+01
1.13630707132674000000E+01
1.11376542489154000000E+01
1.09033590811292000000E+01
1.06621715850365000000E+01
1.04160494749090000000E+01
1.01669022228714000000E+01
9.91657217122446000000E+00
9.66681652738394000000E+00
9.41929042104049000000E+00
9.17553119193967000000E+00
8.93694406378168000000E+00
8.70478934528189000000E+00
8.48017128355608000000E+00
8.26402867786865000000E+00
8.05712734357279000000E+00
7.86005449697245000000E+00
7.67321511203311000000E+00
7.49683027956830000000E+00
7.33093757893537000000E+00
7.17539345159435000000E+00
7.02987754533248000000E+00
6.89389897773536000000E+00
6.76680444780709000000E+00
6.64778810569667000000E+00
6.53590307247713000000E+00
6.43007448502215000000E+00
6.32911392540920000000E+00
6.23173508010363000000E+00
6.13657046158888000000E+00
6.04218901423293000000E+00
5.94711441712773000000E+00
5.84984388950169000000E+00
5.74886729915431000000E+00
5.64268637125208000000E+00
5.52983379378420000000E+00
5.40889201701878000000E+00
5.27851154741305000000E+00
5.13742854158251000000E+00
4.98448151307436000000E+00
4.81862697374382000000E+00
4.63895384241074000000E+00
4.44469646606350000000E+00
4.23524611305483000000E+00
4.01016081335112000000E+00
3.76917343780024000000E+00
3.51219792639669000000E+00
3.23933359446737000000E+00
2.95086746538530000000E+00
2.64727459863773000000E+00
2.32921640263243000000E+00
1.99753694230355000000E+00
1.65325727217666000000E+00
1.29756784585223000000E+00
9.31819072672528000000E-01
5.57510111437822000000E-01
1.76276009246813000000E-01
-2.10126689332714000000E-01
-5.99835721683250000000E-01
-9.90900119601897000000E-01
-1.38129828636795000000E+00
-1.76895695876128000000E+00
-2.15177086498310000000E+00
-2.52762288193142000000E+00
-2.89440448977004000000E+00
-3.25003631825182000000E+00
-3.59248857785049000000E+00
-3.91980116944339000000E+00
-4.23010326905212000000E+00
-4.52163218897667000000E+00
-4.79275132348927000000E+00
-5.04196699603322000000E+00
-5.26794403549889000000E+00
-5.46951992152812000000E+00
-5.64571735279981000000E+00
-5.79575510773368000000E+00
-5.91905708386487000000E+00
-6.01525942011402000000E+00
-6.08421562513232000000E+00
-6.12599965464203000000E+00
-6.14090690102702000000E+00
-6.12945307914658000000E+00
-6.09237101324367000000E+00
-6.03060535068408000000E+00
-5.94530524888644000000E+00
-5.83781510197718000000E+00
-5.70966339322650000000E+00
-5.56254977799395000000E+00
-5.39833051954927000000E+00
-5.21900241655529000000E+00
-5.02668537604325000000E+00
-4.82360379922207000000E+00
-4.61206695930765000000E+00
-4.39444856061792000000E+00
-4.17316567634895000000E+00
-3.95065726865090000000E+00
-3.72936249878957000000E+00
-3.51169903727707000000E+00
-3.30004158385277000000E+00
-3.09670080510224000000E+00
-2.90390289333181000000E+00
-2.72376994411451000000E+00
-2.55830134175322000000E+00
-2.40935633184678000000E+00
-2.27863794830141000000E+00
-2.16767844861679000000E+00
-2.07782639623485000000E+00
-2.01023551231602000000E+00
-1.96585540167238000000E+00
-1.94542423891336000000E+00
-1.94946348133859000000E+00
-1.97827465493769000000E+00
-2.03193823923391000000E+00
-2.11031465584249000000E+00
-2.21304734471783000000E+00
-2.33956789134334000000E+00
-2.48910314778566000000E+00
-2.66068427079168000000E+00
-2.85315758115470000000E+00
-3.06519713060118000000E+00
-3.29531884563611000000E+00
-3.54189610230021000000E+00
-3.80317657178917000000E+00
-4.07730016450946000000E+00
-4.36231788951360000000E+00
-4.65621143748432000000E+00
-4.95691328860042000000E+00
-5.26232714179467000000E+00
-5.57034845914355000000E+00
-5.87888491844539000000E+00
-6.18587656844772000000E+00
-6.48931548466134000000E+00
-6.78726472921665000000E+00
-7.07787642571080000000E+00
-7.35940876939697000000E+00
-7.63024180427114000000E+00
-7.88889181151469000000E+00
-8.13402416821095000000E+00
-8.36446455113153000000E+00
-8.57920837751806000000E+00
-8.77742839299215000000E+00
-8.95848033583153000000E+00
-9.12190662665099000000E+00
-9.26743805283110000000E+00
-9.39499343763194000000E+00
-9.50467730461018000000E+00
-9.59677556851193000000E+00
-9.67174930403564000000E+00
-9.73022666354198000000E+00
-9.77299303373171000000E+00
-9.80097953932805000000E+00
-9.81525001870149000000E+00
-9.81698661199373000000E+00
-9.80747411647353000000E+00
-9.78808327644827000000E+00
-9.76025318593248000000E+00
-9.72547299132914000000E+00
-9.68526308851887000000E+00
-9.64115601390426000000E+00
-9.59467723206937000000E+00
-9.54732602375594000000E+00
-9.50055667681831000000E+00
-9.45576017970814000000E+00
-9.41424661188960000000E+00
-9.37722841844887000000E+00
-9.34580474710834000000E+00
-9.32094701498109000000E+00
-9.30348585981163000000E+00
-9.29409961627478000000E+00
-9.29330444228799000000E+00
-9.30144620339215000000E+00
-9.31869420524316000000E+00
-9.34503684531367000000E+00
-9.38027923522352000000E+00
-9.42404282489808000000E+00
-9.47576703920036000000E+00
-9.53471291700462000000E+00
-9.59996872208517000000E+00
-9.67045747489346000000E+00
-9.74494633449533000000E+00
-9.82205774083883000000E+00
-9.90028220931643000000E+00
-9.97799265245692000000E+00
-1.00534600877081000000E+01
-1.01248705758103000000E+01
-1.01903432213623000000E+01
-1.02479490559763000000E+01
-1.02957306150194000000E+01
-1.03317220114455000000E+01
-1.03539693047061000000E+01
-1.03605509592546000000E+01
-1.03495981857512000000E+01
-1.03193149587667000000E+01
-1.02679975075483000000E+01
-1.01940530812415000000E+01
-1.00960177967924000000E+01
-9.97257338653674000000E+00
-9.82256267310900000000E+00
-9.64500361168523000000E+00
-9.43910175357592000000E+00
-9.20426100067130000000E+00
-8.94009253705604000000E+00
-8.64642184208603000000E+00
-8.32329370817335000000E+00
-7.97097520626846000000E+00
-7.58995656236390000000E+00
-7.18094992906187000000E+00
-6.74488605714885000000E+00
-6.28290889298367000000E+00
-5.79636814813281000000E+00
-5.28680990785803000000E+00
-4.75596536458701000000E+00
-4.20573778116913000000E+00
-3.63818780635514000000E+00
-3.05551728136457000000E+00
-2.46005169144349000000E+00
-1.85422142983230000000E+00
-1.24054205340291000000E+00
-6.21593719289105000000E-01
4.15400311128444000000E-13
6.21593719289846000000E-01
1.24054205340365000000E+00
1.85422142983294000000E+00
2.46005169144403000000E+00
3.05551728136502000000E+00
3.63818780635558000000E+00
4.20573778116940000000E+00
4.75596536458727000000E+00
5.28680990785821000000E+00
5.79636814813291000000E+00
6.28290889298377000000E+00
6.74488605714888000000E+00
7.18094992906184000000E+00
7.58995656236382000000E+00
7.97097520626838000000E+00
8.32329370817318000000E+00
8.64642184208587000000E+00
8.94009253705586000000E+00
9.20426100067111000000E+00
9.43910175357575000000E+00
9.64500361168506000000E+00
9.82256267310883000000E+00
9.97257338653658000000E+00
1.00960177967922000000E+01
1.01940530812413000000E+01
1.02679975075482000000E+01
1.03193149587666000000E+01
1.03495981857512000000E+01
1.03605509592546000000E+01
1.03539693047061000000E+01
1.03317220114455000000E+01
1.02957306150195000000E+01
1.02479490559764000000E+01
1.01903432213624000000E+01
1.01248705758105000000E+01
1.00534600877083000000E+01
9.97799265245714000000E+00
9.90028220931664000000E+00
9.82205774083907000000E+00
9.74494633449556000000E+00
9.67045747489368000000E+00
9.59996872208539000000E+00
9.53471291700484000000E+00
9.47576703920056000000E+00
9.42404282489825000000E+00
9.38027923522366000000E+00
9.34503684531379000000E+00
9.31869420524325000000E+00
9.30144620339220000000E+00
9.29330444228800000000E+00
9.29409961627476000000E+00
9.30348585981157000000E+00
9.32094701498100000000E+00
9.34580474710820000000E+00
9.37722841844870000000E+00
9.41424661188941000000E+00
9.45576017970792000000E+00
9.50055667681808000000E+00
9.54732602375569000000E+00
9.59467723206912000000E+00
9.64115601390401000000E+00
9.68526308851864000000E+00
9.72547299132893000000E+00
9.76025318593230000000E+00
9.78808327644813000000E+00
9.80747411647344000000E+00
9.81698661199371000000E+00
9.81525001870154000000E+00
9.80097953932818000000E+00
9.77299303373193000000E+00
9.73022666354231000000E+00
9.67174930403609000000E+00
9.59677556851249000000E+00
9.50467730461087000000E+00
9.39499343763277000000E+00
9.26743805283205000000E+00
9.12190662665209000000E+00
8.95848033583279000000E+00
8.77742839299355000000E+00
8.57920837751959000000E+00
8.36446455113325000000E+00
8.13402416821278000000E+00
7.88889181151667000000E+00
7.63024180427326000000E+00
7.35940876939918000000E+00
7.07787642571313000000E+00
6.78726472921909000000E+00
6.48931548466388000000E+00
6.18587656845029000000E+00
5.87888491844807000000E+00
5.57034845914623000000E+00
5.26232714179738000000E+00
4.95691328860315000000E+00
4.65621143748699000000E+00
4.36231788951628000000E+00
4.07730016451205000000E+00
3.80317657179170000000E+00
3.54189610230264000000E+00
3.29531884563842000000E+00
3.06519713060333000000E+00
2.85315758115672000000E+00
2.66068427079349000000E+00
2.48910314778726000000E+00
2.33956789134476000000E+00
2.21304734471900000000E+00
2.11031465584343000000E+00
2.03193823923460000000E+00
1.97827465493813000000E+00
1.94946348133876000000E+00
1.94542423891327000000E+00
1.96585540167202000000E+00
2.01023551231541000000E+00
2.07782639623396000000E+00
2.16767844861566000000E+00
2.27863794830004000000E+00
2.40935633184517000000E+00
2.55830134175138000000E+00
2.72376994411249000000E+00
2.90390289332958000000E+00
3.09670080509987000000E+00
3.30004158385025000000E+00
3.51169903727444000000E+00
3.72936249878688000000E+00
3.95065726864815000000E+00
4.17316567634617000000E+00
4.39444856061513000000E+00
4.61206695930493000000E+00
4.82360379921938000000E+00
5.02668537604068000000E+00
5.21900241655285000000E+00
5.39833051954699000000E+00
5.56254977799188000000E+00
5.70966339322466000000E+00
5.83781510197559000000E+00
5.94530524888512000000E+00
6.03060535068307000000E+00
6.09237101324298000000E+00
6.12945307914624000000E+00
6.14090690102705000000E+00
6.12599965464243000000E+00
6.08421562513311000000E+00
6.01525942011521000000E+00
5.91905708386646000000E+00
5.79575510773568000000E+00
5.64571735280220000000E+00
5.46951992153094000000E+00
5.26794403550208000000E+00
5.04196699603680000000E+00
4.79275132349322000000E+00
4.52163218898095000000E+00
4.23010326905674000000E+00
3.91980116944833000000E+00
3.59248857785573000000E+00
3.25003631825733000000E+00
2.89440448977580000000E+00
2.52762288193733000000E+00
2.15177086498925000000E+00
1.76895695876752000000E+00
1.38129828637425000000E+00
9.90900119608341000000E-01
5.99835721689688000000E-01
2.10126689339168000000E-01
-1.76276009240376000000E-01
-5.57510111431432000000E-01
-9.31819072666272000000E-01
-1.29756784584603000000E+00
-1.65325727217064000000E+00
-1.99753694229774000000E+00
-2.32921640262675000000E+00
-2.64727459863230000000E+00
-2.95086746538009000000E+00
-3.23933359446239000000E+00
-3.51219792639195000000E+00
-3.76917343779579000000E+00
-4.01016081334689000000E+00
-4.23524611305088000000E+00
-4.44469646605983000000E+00
-4.63895384240729000000E+00
-4.81862697374063000000E+00
-4.98448151307140000000E+00
-5.13742854157976000000E+00
-5.27851154741049000000E+00
-5.40889201701641000000E+00
-5.52983379378197000000E+00
-5.64268637124999000000E+00
-5.74886729915232000000E+00
-5.84984388949976000000E+00
-5.94711441712587000000E+00
-6.04218901423108000000E+00
-6.13657046158701000000E+00
-6.23173508010172000000E+00
-6.32911392540724000000E+00
-6.43007448502007000000E+00
-6.53590307247494000000E+00
-6.64778810569434000000E+00
-6.76680444780458000000E+00
-6.89389897773268000000E+00
-7.02987754532958000000E+00
-7.17539345159124000000E+00
-7.33093757893202000000E+00
-7.49683027956474000000E+00
-7.67321511202927000000E+00
-7.86005449696839000000E+00
-8.05712734356849000000E+00
-8.26402867786411000000E+00
-8.48017128355136000000E+00
-8.70478934527696000000E+00
-8.93694406377657000000E+00
-9.17553119193439000000E+00
-9.41929042103508000000E+00
-9.66681652737843000000E+00
-9.91657217121892000000E+00
-1.01669022228658000000E+01
-1.04160494749034000000E+01
-1.06621715850310000000E+01
-1.09033590811238000000E+01
-1.11376542489102000000E+01
-1.13630707132624000000E+01
-1.15776135166033000000E+01
-1.17792994924187000000E+01
-1.19661777283858000000E+01
-1.21363499122284000000E+01
-1.22879903540922000000E+01
-1.24193654820061000000E+01
-1.25288526118203000000E+01
-1.26149577998462000000E+01
-1.26763325952033000000E+01
-1.27117895195050000000E+01
-1.27203161138981000000E+01
-1.27010874074689000000E+01
-1.26534766765197000000E+01
-1.25770643810312000000E+01
-1.24716451826019000000E+01
-1.23372329671117000000E+01
-1.21740638150958000000E+01
-1.19825968831539000000E+01
-1.17635131804361000000E+01
-1.15177122451472000000E+01
-1.12463067468758000000E+01
-1.09506150611804000000E+01
-1.06321518830380000000E+01
-1.02926169652839000000E+01
-9.93388208684436000000E+00
-9.55797637320086000000E+00
-9.16707010794777000000E+00
-8.76345718934674000000E+00
-8.34953639929440000000E+00
-7.92779166396540000000E+00
-7.50077149544984000000E+00
-7.07106781187705000000E+00
-6.64129433971960000000E+00
-6.21406480613881000000E+00
-5.79197113133040000000E+00
-5.37756183082833000000E+00
-4.97332083562867000000E+00
-4.58164693382694000000E+00
-4.20483403126101000000E+00
-3.84505242047888000000E+00
-3.50433123729284000000E+00
-3.18454227233716000000E+00
-2.88738529153212000000E+00
-2.61437500431655000000E+00
-2.36682980208763000000E+00
-2.14586237164924000000E+00
-1.95237226979765000000E+00
-1.78704052565095000000E+00
-1.65032631715279000000E+00
-1.54246574755815000000E+00
-1.46347272684211000000E+00
-1.41314194207409000000E+00
-1.39105388008056000000E+00
-1.39658184538450000000E+00
-1.42890089666756000000E+00
-1.48699860604592000000E+00
-1.56968752747669000000E+00
-1.67561924379643000000E+00
-1.80329984640712000000E+00
-1.95110668762235000000E+00
-2.11730623330720000000E+00
-2.30007283281574000000E+00
-2.49750821445184000000E+00
-2.70766150784448000000E+00
-2.92854958980199000000E+00
-3.15817754744076000000E+00
-3.39455905169638000000E+00
-3.63573643573042000000E+00
-3.87980027622057000000E+00
-4.12490828103734000000E+00
-4.36930329430443000000E+00
-4.61133023923850000000E+00
-4.84945183036849000000E+00
-5.08226289963535000000E+00
-5.30850319533113000000E+00
-5.52706852871296000000E+00
-5.73702016025442000000E+00
-5.93759233570480000000E+00
-6.12819790122631000000E+00
-6.30843194668298000000E+00
-6.47807344645325000000E+00
-6.63708488773375000000E+00
-6.78560989697971000000E+00
-6.92396889567979000000E+00
-7.05265283688408000000E+00
-7.17231509358357000000E+00
-7.28376158898275000000E+00
-7.38793927671989000000E+00
-7.48592309598977000000E+00
-7.57890154213955000000E+00
-7.66816100748415000000E+00
-7.75506905967511000000E+00
-7.84105683583342000000E+00
-7.92760073970925000000E+00
-8.01620363626877000000E+00
-8.10837574325843000000E+00
-8.20561542240846000000E+00
-8.30939007397617000000E+00
-8.42111733728891000000E+00
-8.54214679683297000000E+00
-8.67374238828357000000E+00
-8.81706569173048000000E+00
-8.97316029030072000000E+00
-9.14293736150117000000E+00
-9.32716265601352000000E+00
-9.52644500449763000000E+00
-9.74122647734132000000E+00
-9.97177430539123000000E+00
-1.02181746516871000000E+01
-1.04803283052745000000E+01
-1.07579483484906000000E+01
-1.10505598288945000000E+01
-1.13575014464605000000E+01
-1.16779292459704000000E+01
-1.20108222839482000000E+01
-1.23549902191748000000E+01
-1.27090827560203000000E+01
-1.30716008507268000000E+01
-1.34409095725668000000E+01
-1.38152524946712000000E+01
-1.41927674734476000000E+01
-1.45715036610435000000E+01
-1.49494395824126000000E+01
-1.53245020973321000000E+01
-1.56945860583224000000E+01
-1.60575744679207000000E+01
-1.64113589332495000000E+01
-1.67538602123382000000E+01
-1.70830486452537000000E+01
-1.73969642637819000000E+01
-1.76937363761674000000E+01
-1.79716024282455000000E+01
-1.82289259491354000000E+01
-1.84642133984375000000E+01
-1.86761297425082000000E+01
-1.88635125997627000000E+01
-1.90253848089593000000E+01
-1.91609652899019000000E+01
-1.92696780828131000000E+01
-1.93511594706030000000E+01
-1.94052631072123000000E+01
-1.94320630949524000000E+01
-1.94318549740935000000E+01
-1.94051546086774000000E+01
-1.93526949734243000000E+01
-1.92754208674704000000E+01
-1.91744816012965000000E+01
-1.90512217233811000000E+01
-1.89071698726353000000E+01
-1.87440258613467000000E+01
-1.85636461109985000000E+01
-1.83680275797511000000E+01
-1.81592903354158000000E+01
-1.79396589412620000000E+01
-1.77114428338458000000E+01
-1.74770158821028000000E+01
-1.72387953251226000000E+01
-1.69992202922234000000E+01
-1.67607301131117000000E+01
-1.65257426280114000000E+01
-1.62966327076428000000E+01
-1.60757111908406000000E+01
-1.58652044434256000000E+01
-1.56672347357501000000E+01
-1.54838016281585000000E+01
-1.53167645435521000000E+01
-1.51678266943986000000E+01
-1.50385205180164000000E+01
-1.49301947589217000000E+01
-1.48440033206031000000E+01
-1.47808959914526000000E+01
-1.47416111309097000000E+01
-1.47266703823524000000E+01
-1.47363754590952000000E+01
-1.47708070292309000000E+01
-1.48298257041869000000E+01
-1.49130751149706000000E+01
-1.50199870393577000000E+01
-1.51497885229439000000E+01
-1.53015109172405000000E+01
-1.54740007390386000000E+01
-1.56659322372933000000E+01
-1.58758215369682000000E+01
-1.61020422137897000000E+01
-1.63428421398649000000E+01
-1.65963614277347000000E+01
-1.68606512898079000000E+01
-1.71336936213430000000E+01
-1.74134211083116000000E+01
-1.76977376566553000000E+01
-1.79845389366723000000E+01
-1.82717328355942000000E+01
-1.85572596128108000000E+01
-1.88391115556827000000E+01
-1.91153519393950000000E+01
-1.93841331018026000000E+01
-1.96437134536170000000E+01
-1.98924732554917000000E+01
-2.01289290064619000000E+01
-2.03517463026591000000E+01
-2.05597510410959000000E+01
-2.07519388604444000000E+01
-2.09274827289449000000E+01
-2.10857386086797000000E+01
-2.12262491452514000000E+01
-2.13487453522097000000E+01
-2.14531462801633000000E+01
-2.15395566811937000000E+01
-2.16082626997468000000E+01
-2.16597256413932000000E+01
-2.16945738905354000000E+01
-2.17135930670841000000E+01
-2.17177145301375000000E+01
-2.17080023536047000000E+01
-2.16856389143264000000E+01
-2.16519092474289000000E+01
-2.16081843362334000000E+01
-2.15559035149217000000E+01
-2.14965561712158000000E+01
-2.14316629434640000000E+01
-2.13627566116835000000E+01
-2.12913628852170000000E+01
-2.12189812907066000000E+01
-2.11470663630465000000E+01
-2.10770093388650000000E+01
-2.10101205469376000000E+01
-2.09476126827936000000E+01
-2.08905851457283000000E+01
-2.08400096055545000000E+01
-2.07967169538411000000E+01
-2.07613857802094000000E+01
-2.07345324986428000000E+01
-2.07165032318652000000E+01
-2.07074675438301000000E+01
-2.07074140914194000000E+01
-2.07161482467719000000E+01
-2.07332917214384000000E+01
-2.07582842030118000000E+01
-2.07903869941977000000E+01
-2.08286886237010000000E+01
-2.08721123779998000000E+01
-2.09194256832806000000E+01
-2.09692512477034000000E+01
-2.10200798559606000000E+01
-2.10702846909674000000E+01
-2.11181370416407000000E+01
-2.11618232412704000000E+01
-2.11994626680831000000E+01
-2.12291266283935000000E+01
-2.12488579333438000000E+01
-2.12566909727325000000E+01
-2.12506720839227000000E+01
-2.12288800103437000000E+01
-2.11894462426929000000E+01
-2.11305750366369000000E+01
-2.10505629035749000000E+01
-2.09478173758572000000E+01
-2.08208748546851000000E+01
-2.06684173576973000000E+01
-2.04892879938755000000E+01
-2.02825050057851000000E+01
-2.00472742331650000000E+01
-1.97829998673699000000E+01
-1.94892933829824000000E+01
-1.91659805508868000000E+01
-1.88131064560509000000E+01
-1.84309384630058000000E+01
-1.80199670923466000000E+01
-1.75809047922967000000E+01
-1.71146826102798000000E+01
-1.66224447903054000000E+01
-1.61055413426000000000E+01
-1.55655186520932000000E+01
-1.50041082118844000000E+01
-1.44232135864960000000E+01
-1.38248957273503000000E+01
-1.32113567793333000000E+01
-1.25849225323498000000E+01
-1.19480236852884000000E+01
-1.13031761016555000000E+01
-1.06529602462023000000E+01
-1.00000000000355000000E+01
-9.34694105790589000000E+00
-8.69642911553788000000E+00
-8.05108805696051000000E+00
-7.41349835179541000000E+00
-6.78617587036756000000E+00
-6.17155132033184000000E+00
-5.57195050230801000000E+00
-4.98957557384396000000E+00
-4.42648750097212000000E+00
-3.88458986477233000000E+00
-3.36561417684914000000E+00
-2.87110684258419000000E+00
-2.40241789460361000000E+00
-1.96069160126241000000E+00
-1.54685903627696000000E+00
-1.16163267610973000000E+00
-8.05503071540445000000E-01
-4.78737619230852000000E-01
-1.81381438224945000000E-01
8.67396645721294000000E-02
3.26014176611957000000E-01
5.37037866629727000000E-01
7.20604853032522000000E-01
8.77696849457414000000E-01
1.00947070118185000000E+00
1.11724434288410000000E+00
1.20248132373724000000E+00
1.26677405982384000000E+00
1.31182598623638000000E+00
1.33943279185932000000E+00
1.35146292860608000000E+00
1.34983759371900000000E+00
1.33651038856724000000E+00
1.31344686014645000000E+00
1.28260413217090000000E+00
1.24591083124510000000E+00
1.20524751012555000000E+00
1.16242776456947000000E+00
1.11918023277195000000E+00
1.07713165699594000000E+00
1.03779117579301000000E+00
1.00253600231482000000E+00
9.72598629754315000000E-01
9.49055689081378000000E-01
9.32818567109026000000E-01
9.24625874719737000000E-01
9.25037835980110000000E-01
9.34432649070739000000E-01
9.53004849657548000000E-01
9.80765686736977000000E-01
1.01754550030898000000E+00
1.06299806967881000000E+00
1.11660688096896000000E+00
1.17769324274181000000E+00
1.24542615969096000000E+00
1.31883385634573000000E+00
1.39681682583402000000E+00
1.47816226313141000000E+00
1.56155972805040000000E+00
1.64561787063462000000E+00
1.72888204074716000000E+00
1.80985259458930000000E+00
1.88700370374934000000E+00
1.95880246722989000000E+00
2.02372812379201000000E+00
2.08029116091443000000E+00
2.12705211770807000000E+00
2.16263988223826000000E+00
2.18576928885989000000E+00
2.19525782830949000000E+00
2.19004129235299000000E+00
2.16918818566545000000E+00
2.13191275020990000000E+00
2.07758646155871000000E+00
2.00574787221921000000E+00
1.91611069392769000000E+00
1.80857002889011000000E+00
1.68320667889290000000E+00
1.54028948088958000000E+00
1.38027563789080000000E+00
1.20380903453939000000E+00
1.01171654743291000000E+00
8.05002380851545000000E-01
5.84840478851641000000E-01
3.52565084487711000000E-01
1.09659536030107000000E-01
-1.42256591748100000000E-01
-4.01441876009658000000E-01
-6.66048822936382000000E-01
-9.34140877914585000000E-01
-1.20371050037840000000E+00
-1.47269812366220000000E+00
-1.73901181081122000000E+00
-2.00054740980476000000E+00
-2.25520900613055000000E+00
-2.50092946717115000000E+00
-2.73569087145726000000E+00
-2.95754461653040000000E+00
-3.16463100192279000000E+00
-3.35519808858915000000E+00
-3.52761964295828000000E+00
-3.68041198254897000000E+00
-3.81224955072270000000E+00
-3.92197906052561000000E+00
-4.00863206157128000000E+00
-4.07143579940285000000E+00
-4.10982225358638000000E+00
-4.12343525876103000000E+00
-4.11213563182510000000E+00
-4.07600424817920000000E+00
-4.01534303028081000000E+00
-3.93067383248394000000E+00
-3.82273522703508000000E+00
-3.69247721696194000000E+00
-3.54105392221546000000E+00
-3.36981430559888000000E+00
-3.18029102454009000000E+00
-2.97418751343643000000E+00
-2.75336341893696000000E+00
-2.51981852694957000000E+00
-2.27567533520364000000E+00
-2.02316043870877000000E+00
-1.76458490729704000000E+00
-1.50232384449344000000E+00
-1.23879532513086000000E+00
-9.76438915326986000000E-01
-7.17693982611064000000E-01
-4.64978006081543000000E-01
-2.20665096477746000000E-01
1.29350660477683000000E-02
2.33597672838312000000E-01
4.39202408907871000000E-01
6.27752067135571000000E-01
7.97389975294680000000E-01
9.46416068573564000000E-01
1.07330145375902000000E+00
1.17670132629460000000E+00
1.25546611784888000000E+00
1.30865076966436000000E+00
1.33552204563160000000E+00
1.33556381855416000000E+00
1.30848028324438000000E+00
1.25419707071363000000E+00
1.17286025858589000000E+00
1.06483329376124000000E+00
9.30691864075035000000E-01
7.71216776031728000000E-01
5.87384915434643000000E-01
3.80358386685861000000E-01
1.51471944505271000000E-01
-9.77811513700353000000E-02
-3.65764712457699000000E-01
-6.50716468724495000000E-01
-9.50766014276405000000E-01
-1.26395366848851000000E+00
-1.58825006074143000000E+00
-1.92157624009984000000E+00
-2.26182410644050000000E+00
-2.60687695677100000000E+00
-2.95462993979466000000E+00
-3.30301021318240000000E+00
-3.64999660148838000000E+00
-3.99363855816507000000E+00
-4.33207424262608000000E+00
-4.66354753270685000000E+00
-4.98642380407924000000E+00
-5.29920432107755000000E+00
-5.60053909785297000000E+00
-5.88923810465373000000E+00
-6.16428071115406000000E+00
-6.42482327696623000000E+00
-6.67020481857154000000E+00
-6.89995070171027000000E+00
-7.11377432857109000000E+00
-7.31157680971869000000E+00
-7.49344463137608000000E+00
-7.65964534923443000000E+00
-7.81062136018369000000E+00
-7.94698182304087000000E+00
-8.06949281829602000000E+00
-8.17906585491263000000E+00
-8.27674484911920000000E+00
-8.36369171574864000000E+00
-8.44117072685751000000E+00
-8.51053180494861000000E+00
-8.57319292899729000000E+00
-8.63062184053729000000E+00
-8.68431724420011000000E+00
-8.73578970225511000000E+00
-8.78654242580940000000E+00
-8.83805216636895000000E+00
-8.89175041042179000000E+00
-8.94900507659437000000E+00
-9.01110290978089000000E+00
-9.07923275950876000000E+00
-9.15446992075030000000E+00
-9.23776170451537000000E+00
-9.32991439297035000000E+00
-9.43158171965494000000E+00
-9.54325499975127000000E+00
-9.66525501845970000000E+00
-9.79772576752325000000E+00
-9.94063010099891000000E+00
-1.00937473616943000000E+01
-1.02566730094679000000E+01
-1.04288202620381000000E+01
-1.06094237382679000000E+01
-1.07975450732993000000E+01
-1.09920804546081000000E+01
-1.11917700082521000000E+01
-1.13952089454808000000E+01
-1.16008603616714000000E+01
-1.18070695624240000000E+01
-1.20120797757779000000E+01
-1.22140490950472000000E+01
-1.24110684838774000000E+01
-1.26011806639181000000E+01
-1.27823996961099000000E+01
-1.29527310590863000000E+01
-1.31101920226824000000E+01
-1.32528321110585000000E+01
-1.33787534485507000000E+01
-1.34861307820429000000E+01
-1.35732309764230000000E+01
-1.36384317845169000000E+01
-1.36802396997241000000E+01
-1.36973067083602000000E+01
-1.36884457693388000000E+01
-1.36526448612059000000E+01
-1.35890794505423000000E+01
-1.34971232512359000000E+01
-1.33763571609390000000E+01
-1.32265762790044000000E+01
-1.30477949291437000000E+01
-1.28402496297975000000E+01
-1.26043999755402000000E+01
-1.23409274135617000000E+01
-1.20507319201665000000E+01
-1.17349266030997000000E+01
-1.13948302761281000000E+01
-1.10319580724847000000E+01
-1.06480101833037000000E+01
-1.02448588258497000000E+01
-9.82453356397666000000E+00
-9.38920511968207000000E+00
-8.94116782965646000000E+00
-8.48282091424718000000E+00
-8.01664873809676000000E+00
-7.54520025177625000000E+00
-7.07106781190442000000E+00
-6.59686558344777000000E+00
-6.12520773206149000000E+00
-5.65868661643093000000E+00
-5.19985119057094000000E+00
-4.75118582394557000000E+00
-4.31508974310080000000E+00
-3.89385729230359000000E+00
-3.48965920250486000000E+00
-3.10452504788976000000E+00
-2.74032705743070000000E+00
-2.39876543534687000000E+00
-2.08135532933321000000E+00
-1.78941556899513000000E+00
-1.52405927929286000000E+00
-1.28618645512287000000E+00
-1.07647856364283000000E+00
-8.95395220770938000000E-01
-7.43172967667722000000E-01
-6.19826152140153000000E-01
-5.25149899011737000000E-01
-4.58725132780792000000E-01
-4.19925595555719000000E-01
-4.07926783512696000000E-01
-4.21716706167348000000E-01
-4.60108354776760000000E-01
-5.21753749373697000000E-01
-6.05159418448305000000E-01
-7.08703151289791000000E-01
-8.30651850622352000000E-01
-9.69180302538019000000E-01
-1.12239067195333000000E+00
-1.28833252498026000000E+00
-1.46502317477630000000E+00
-1.65046814466846000000E+00
-1.84268154166075000000E+00
-2.03970613483606000000E+00
-2.23963293664232000000E+00
-2.44062009056478000000E+00
-2.64091087618218000000E+00
-2.83885065200192000000E+00
-3.03290256767566000000E+00
-3.22166189009419000000E+00
-3.40386880232253000000E+00
-3.57841955020949000000E+00
-3.74437582863490000000E+00
-3.90097231756426000000E+00
-4.04762229718219000000E+00
-4.18392129117654000000E+00
-4.30964870754696000000E+00
-4.42476746690441000000E+00
-4.52942162890705000000E+00
-4.62393204803110000000E+00
-4.70879011009449000000E+00
-4.78464962063189000000E+00
-4.85231693516321000000E+00
-4.91273943940960000000E+00
-4.96699250441173000000E+00
-5.01626505712169000000E+00
-5.06184392121395000000E+00
-5.10509709544991000000E+00
-5.14745614780660000000E+00
-5.19039791263209000000E+00
-5.23542568522800000000E+00
-5.28405011340970000000E+00
-5.33776998870542000000E+00
-5.39805314089540000000E+00
-5.46631763855049000000E+00
-5.54391349511700000000E+00
-5.63210507494218000000E+00
-5.73205438649595000000E+00
-5.84480544098911000000E+00
-5.97126984371182000000E+00
-6.11221377282434000000E+00
-6.26824648615621000000E+00
-6.43981048095151000000E+00
-6.62717341459613000000E+00
-6.83042187634719000000E+00
-7.04945708114203000000E+00
-7.28399253687948000000E+00
-7.53355371634620000000E+00
-7.79747974440537000000E+00
-8.07492709038558000000E+00
-8.36487523501036000000E+00
-8.66613426090943000000E+00
-8.97735429594657000000E+00
-9.29703671949826000000E+00
-9.62354702360747000000E+00
-9.95512920380853000000E+00
-1.02899215385401000000E+01
-1.06259736016051000000E+01
-1.09612643392322000000E+01
-1.12937210320894000000E+01
-1.16212389531992000000E+01
-1.19417015252086000000E+01
-1.22530007749530000000E+01
-1.25530578797736000000E+01
-1.28398435986442000000E+01
-1.31113983818485000000E+01
-1.33658519557151000000E+01
-1.36014421837464000000E+01
-1.38165330123070000000E+01
-1.40096313178168000000E+01
-1.41794024830220000000E+01
-1.43246845422937000000E+01
-1.44445007499080000000E+01
-1.45380704407447000000E+01
-1.46048180696559000000E+01
-1.46443803337307000000E+01
-1.46566113006350000000E+01
-1.46415854859462000000E+01
-1.45995988427383000000E+01
-1.45311676473904000000E+01
-1.44370252864891000000E+01
-1.43181169705622000000E+01
-1.41755924210032000000E+01
-1.40107965967208000000E+01
-1.38252585465691000000E+01
-1.36206784922876000000E+01
-1.33989132643165000000E+01
-1.31619602292742000000E+01
-1.29119398629268000000E+01
-1.26510771359915000000E+01
-1.23816818919612000000E+01
-1.21061284061926000000E+01
-1.18268343236777000000E+01
-1.15462391791139000000E+01
-1.12667827070596000000E+01
-1.09908831520595000000E+01
-1.07209157886195000000E+01
-1.04591918588207000000E+01
-1.02079381311873000000E+01
-9.96927727822789000000E+00
-9.74520926189200000000E+00
-9.53759390613116000000E+00
-9.34813482390407000000E+00
-9.17836485245751000000E+00
-9.02963313566902000000E+00
-8.90309397581759000000E+00
-8.79969755951097000000E+00
-8.72018264382577000000E+00
-8.66507126919437000000E+00
-8.63466554539916000000E+00
-8.62904653641026000000E+00
-8.64807524893822000000E+00
-8.69139570867532000000E+00
-8.75844008747972000000E+00
-8.84843582442382000000E+00
-8.96041466388559000000E+00
-9.09322351490883000000E+00
-9.24553701808407000000E+00
-9.41587168938836000000E+00
-9.60260149493630000000E+00
-9.80397469659395000000E+00
-1.00181317960282000000E+01
-1.02431243941367000000E+01
-1.04769347740260000000E+01
-1.07174960088715000000E+01
-1.09627123911694000000E+01
-1.12104799771212000000E+01
-1.14587070392051000000E+01
-1.17053342213980000000E+01
-1.19483541949837000000E+01
-1.21858306184030000000E+01
-1.24159162120955000000E+01
-1.26368697686826000000E+01
-1.28470719300484000000E+01
-1.30450395757765000000E+01
-1.32294386818606000000E+01
-1.33990955244851000000E+01
-1.35530061208003000000E+01
-1.36903438168276000000E+01
-1.38104649517283000000E+01
-1.39129125474799000000E+01
-1.39974179932979000000E+01
-1.40639007147442000000E+01
-1.41124658381379000000E+01
-1.41433998814425000000E+01
-1.41571645230227000000E+01
-1.41543885193480000000E+01
-1.41358578616652000000E+01
-1.41025042796744000000E+01
-1.40553922171480000000E+01
-1.39957044200487000000E+01
-1.39247262918790000000E+01
-1.38438291835873000000E+01
-1.37544527962302000000E+01
-1.36580868836478000000E+01
-1.35562524495468000000E+01
-1.34504826385391000000E+01
-1.33423035237951000000E+01
-1.32332149950139000000E+01
-1.31246719493722000000E+01
-1.30180659850032000000E+01
-1.29147077914056000000E+01
-1.28158104240470000000E+01
-1.27224736413724000000E+01
-1.26356694715521000000E+01
-1.25562291637171000000E+01
-1.24848316642515000000E+01
-1.24219937430987000000E+01
-1.23680618781365000000E+01
-1.23232059876625000000E+01
-1.22874150820897000000E+01
-1.22604948862709000000E+01
-1.22420674636512000000E+01
-1.22315728528938000000E+01
-1.22282727069476000000E+01
-1.22312559039302000000E+01
-1.22394460788984000000E+01
-1.22516110057799000000E+01
-1.22663737396349000000E+01
-1.22822254112121000000E+01
-1.22975395486346000000E+01
-1.23105877851765000000E+01
-1.23195567976305000000E+01
-1.23225663068675000000E+01
-1.23176879609857000000E+01
-1.23029649120459000000E+01
-1.22764318898969000000E+01
-1.22361355710815000000E+01
-1.21801550373329000000E+01
-1.21066221167749000000E+01
-1.20137414016192000000E+01
-1.18998097389248000000E+01
-1.17632349958143000000E+01
-1.16025539073696000000E+01
-1.14164488242153000000E+01
-1.12037631874215000000E+01
-1.09635155707402000000E+01
-1.06949121441928000000E+01
-1.03973574285084000000E+01
-1.00704632267334000000E+01
-9.71405563730140000000E+00
-9.32818007181209000000E+00
-8.91310422050797000000E+00
-8.46931892877095000000E+00
-7.99753696868488000000E+00
-7.49868971060325000000E+00
-6.97392172053164000000E+00
-6.42458332975666000000E+00
-5.85222124332722000000E+00
-5.25856727351978000000E+00
-4.64552530308727000000E+00
-4.01515660073321000000E+00
-3.36966362767242000000E+00
-2.71137248918353000000E+00
-2.04271419856917000000E+00
-1.36620493278890000000E+00
-6.84425469081947000000E-01
-7.49854551568636000000E-11