0.00000000000000000000E+00
6.28314396555895000000E-03
1.25660398833526000000E-02
1.88484397154082000000E-02
2.51300954433375000000E-02
3.14107590781283000000E-02
3.76901826699345000000E-02
4.39681183178649000000E-02
5.02443181797696000000E-02
5.65185344820245000000E-02
6.27905195293134000000E-02
6.90600257144058000000E-02
7.53268055279327000000E-02
8.15906115681576000000E-02
8.78511965507432000000E-02
9.41083133185144000000E-02
1.00361714851215000000E-01
1.06611154275260000000E-01
1.12856384873482000000E-01
1.19097160094870000000E-01
1.25333233564304000000E-01
1.31564359092283000000E-01
1.37790290684638000000E-01
1.44010782552252000000E-01
1.50225589120757000000E-01
1.56434465040231000000E-01
1.62637165194884000000E-01
1.68833444712734000000E-01
1.75023058975276000000E-01
1.81205763627137000000E-01
1.87381314585725000000E-01
1.93549468050860000000E-01
1.99709980514407000000E-01
2.05862608769881000000E-01
2.12007109922055000000E-01
2.18143241396543000000E-01
2.24270760949381000000E-01
2.30389426676591000000E-01
2.36498997023725000000E-01
2.42599230795408000000E-01
2.48689887164855000000E-01
2.54770725683382000000E-01
2.60841506289897000000E-01
2.66901989320376000000E-01
2.72951935517325000000E-01
2.78991106039229000000E-01
2.85019262469976000000E-01
2.91036166828272000000E-01
2.97041581577035000000E-01
3.03035269632774000000E-01
3.09016994374948000000E-01
3.14986519655305000000E-01
3.20943609807210000000E-01
3.26888029654943000000E-01
3.32819544522987000000E-01
3.38737920245292000000E-01
3.44642923174517000000E-01
3.50534320191259000000E-01
3.56411878713251000000E-01
3.62275366704546000000E-01
3.68124552684678000000E-01
3.73959205737801000000E-01
3.79779095521801000000E-01
3.85583992277397000000E-01
3.91373666837203000000E-01
3.97147890634781000000E-01
4.02906435713663000000E-01
4.08649074736349000000E-01
4.14375580993284000000E-01
4.20085728411807000000E-01
4.25779291565073000000E-01
4.31456045680959000000E-01
4.37115766650933000000E-01
4.42758231038902000000E-01
4.48383216090033000000E-01
4.53990499739547000000E-01
4.59579860621488000000E-01
4.65151078077459000000E-01
4.70703932165333000000E-01
4.76238203667939000000E-01
4.81753674101716000000E-01
4.87250125725333000000E-01
4.92727341548292000000E-01
4.98185105339491000000E-01
5.03623201635761000000E-01
5.09041415750372000000E-01
5.14439533781507000000E-01
5.19817342620710000000E-01
5.25174629961296000000E-01
5.30511184306734000000E-01
5.35826794978997000000E-01
5.41121252126876000000E-01
5.46394346734269000000E-01
5.51645870628431000000E-01
5.56875616488188000000E-01
5.62083377852131000000E-01
5.67268949126757000000E-01
5.72432125594591000000E-01
5.77572703422268000000E-01
5.82690479668576000000E-01
5.87785252292473000000E-01
5.92856820161060000000E-01
5.97904983057519000000E-01
6.02929541689025000000E-01
6.07930297694606000000E-01
6.12907053652977000000E-01
6.17859613090335000000E-01
6.22787780488113000000E-01
6.27691361290701000000E-01
6.32570161913125000000E-01
6.37423989748690000000E-01
6.42252653176585000000E-01
6.47055961569445000000E-01
6.51833725300879000000E-01
6.56585755752957000000E-01
6.61311865323652000000E-01
6.66011867434252000000E-01
6.70685576536720000000E-01
6.75332808121025000000E-01
6.79953378722420000000E-01
6.84547105928689000000E-01
6.89113808387349000000E-01
6.93653305812805000000E-01
6.98165418993473000000E-01
7.02649969798850000000E-01
7.07106781186548000000E-01
7.11535677209286000000E-01
7.15936483021832000000E-01
7.20309024887907000000E-01
7.24653130187047000000E-01
7.28968627421412000000E-01
7.33255346222560000000E-01
7.37513117358174000000E-01
7.41741772738740000000E-01
7.45941145424182000000E-01
7.50111069630460000000E-01
7.54251380736104000000E-01
7.58361915288722000000E-01
7.62442511011448000000E-01
7.66493006809350000000E-01
7.70513242775790000000E-01
7.74503060198734000000E-01
7.78462301567024000000E-01
7.82390810576588000000E-01
7.86288432136619000000E-01
7.90155012375691000000E-01
7.93990398647836000000E-01
7.97794439538571000000E-01
8.01566984870877000000E-01
8.05307885711122000000E-01
8.09016994374948000000E-01
8.12694164433094000000E-01
8.16339250717184000000E-01
8.19952109325453000000E-01
8.23532597628428000000E-01
8.27080574274562000000E-01
8.30595899195813000000E-01
8.34078433613172000000E-01
8.37528040042142000000E-01
8.40944582298169000000E-01
8.44327925502015000000E-01
8.47677936085084000000E-01
8.50994481794692000000E-01
8.54277431699295000000E-01
8.57526656193653000000E-01
8.60742027003944000000E-01
8.63923417192836000000E-01
8.67070701164490000000E-01
8.70183754669526000000E-01
8.73262454809920000000E-01
8.76306680043864000000E-01
8.79316310190557000000E-01
8.82291226434954000000E-01
8.85231311332456000000E-01
8.88136448813545000000E-01
8.91006524188368000000E-01
8.93841424151264000000E-01
8.96641036785236000000E-01
8.99405251566371000000E-01
9.02133959368203000000E-01
9.04827052466020000000E-01
9.07484424541117000000E-01
9.10105970684996000000E-01
9.12691587403503000000E-01
9.15241172620918000000E-01
9.17754625683981000000E-01
9.20231847365871000000E-01
9.22672739870115000000E-01
9.25077206834458000000E-01
9.27445153334662000000E-01
9.29776485888252000000E-01
9.32071112458211000000E-01
9.34328942456612000000E-01
9.36549886748193000000E-01
9.38733857653874000000E-01
9.40880768954226000000E-01
9.42990535892865000000E-01
9.45063075179805000000E-01
9.47098304994745000000E-01
9.49096144990295000000E-01
9.51056516295154000000E-01
9.52979341517219000000E-01
9.54864544746643000000E-01
9.56712051558831000000E-01
9.58521789017376000000E-01
9.60293685676943000000E-01
9.62027671586086000000E-01
9.63723678290010000000E-01
9.65381638833274000000E-01
9.67001487762435000000E-01
9.68583161128631000000E-01
9.70126596490106000000E-01
9.71631732914674000000E-01
9.73098510982127000000E-01
9.74526872786577000000E-01
9.75916761938748000000E-01
9.77268123568194000000E-01
9.78580904325472000000E-01
9.79855052384247000000E-01
9.81090517443334000000E-01
9.82287250728689000000E-01
9.83445204995330000000E-01
9.84564334529206000000E-01
9.85644595148998000000E-01
9.86685944207868000000E-01
9.87688340595138000000E-01
9.88651744737914000000E-01
9.89576118602651000000E-01
9.90461425696651000000E-01
9.91307631069507000000E-01
9.92114701314478000000E-01
9.92882604569814000000E-01
9.93611310520009000000E-01
9.94300790396999000000E-01
9.94951016981300000000E-01
9.95561964603080000000E-01
9.96133609143173000000E-01
9.96665928034030000000E-01
9.97158900260614000000E-01
9.97612506361225000000E-01
9.98026728428272000000E-01
9.98401550108975000000E-01
9.98736956606018000000E-01
9.99032934678125000000E-01
9.99289472640589000000E-01
9.99506560365732000000E-01
9.99684189283300000000E-01
9.99822352380809000000E-01
9.99921044203816000000E-01
9.99980260856137000000E-01
1.00000000000000000000E+00
9.99980260856137000000E-01
9.99921044203816000000E-01
9.99822352380809000000E-01
9.99684189283300000000E-01
9.99506560365731000000E-01
9.99289472640589000000E-01
9.99032934678125000000E-01
9.98736956606017000000E-01
9.98401550108975000000E-01
9.98026728428271000000E-01
9.97612506361225000000E-01
9.97158900260614000000E-01
9.96665928034030000000E-01
9.96133609143172000000E-01
9.95561964603080000000E-01
9.94951016981300000000E-01
9.94300790396999000000E-01
9.93611310520008000000E-01
9.92882604569813000000E-01
9.92114701314478000000E-01
9.91307631069506000000E-01
9.90461425696651000000E-01
9.89576118602651000000E-01
9.88651744737914000000E-01
9.87688340595138000000E-01
9.86685944207868000000E-01
9.85644595148998000000E-01
9.84564334529205000000E-01
9.83445204995330000000E-01
9.82287250728688000000E-01
9.81090517443334000000E-01
9.79855052384247000000E-01
9.78580904325472000000E-01
9.77268123568193000000E-01
9.75916761938747000000E-01
9.74526872786577000000E-01
9.73098510982126000000E-01
9.71631732914674000000E-01
9.70126596490106000000E-01
9.68583161128631000000E-01
9.67001487762435000000E-01
9.65381638833274000000E-01
9.63723678290009000000E-01
9.62027671586086000000E-01
9.60293685676943000000E-01
9.58521789017376000000E-01
9.56712051558830000000E-01
9.54864544746643000000E-01
9.52979341517218000000E-01
9.51056516295153000000E-01
9.49096144990294000000E-01
9.47098304994744000000E-01
9.45063075179804000000E-01
9.42990535892864000000E-01
9.40880768954225000000E-01
9.38733857653874000000E-01
9.36549886748192000000E-01
9.34328942456612000000E-01
9.32071112458211000000E-01
9.29776485888251000000E-01
9.27445153334661000000E-01
9.25077206834458000000E-01
9.22672739870114000000E-01
9.20231847365870000000E-01
9.17754625683981000000E-01
9.15241172620917000000E-01
9.12691587403502000000E-01
9.10105970684995000000E-01
9.07484424541116000000E-01
9.04827052466019000000E-01
9.02133959368202000000E-01
8.99405251566370000000E-01
8.96641036785235000000E-01
8.93841424151263000000E-01
8.91006524188367000000E-01
8.88136448813544000000E-01
8.85231311332455000000E-01
8.82291226434953000000E-01
8.79316310190556000000E-01
8.76306680043863000000E-01
8.73262454809919000000E-01
8.70183754669525000000E-01
8.67070701164489000000E-01
8.63923417192835000000E-01
8.60742027003943000000E-01
8.57526656193652000000E-01
8.54277431699294000000E-01
8.50994481794691000000E-01
8.47677936085082000000E-01
8.44327925502014000000E-01
8.40944582298168000000E-01
8.37528040042141000000E-01
8.34078433613170000000E-01
8.30595899195812000000E-01
8.27080574274561000000E-01
8.23532597628427000000E-01
8.19952109325451000000E-01
8.16339250717183000000E-01
8.12694164433093000000E-01
8.09016994374946000000E-01
8.05307885711121000000E-01
8.01566984870876000000E-01
7.97794439538570000000E-01
7.93990398647834000000E-01
7.90155012375689000000E-01
7.86288432136618000000E-01
7.82390810576587000000E-01
7.78462301567022000000E-01
7.74503060198733000000E-01
7.70513242775788000000E-01
7.66493006809349000000E-01
7.62442511011447000000E-01
7.58361915288721000000E-01
7.54251380736103000000E-01
7.50111069630458000000E-01
7.45941145424181000000E-01
7.41741772738738000000E-01
7.37513117358173000000E-01
7.33255346222559000000E-01
7.28968627421411000000E-01
7.24653130187046000000E-01
7.20309024887906000000E-01
7.15936483021830000000E-01
7.11535677209284000000E-01
7.07106781186546000000E-01
7.02649969798848000000E-01
6.98165418993471000000E-01
6.93653305812804000000E-01
6.89113808387347000000E-01
6.84547105928688000000E-01
6.79953378722418000000E-01
6.75332808121023000000E-01
6.70685576536719000000E-01
6.66011867434250000000E-01
6.61311865323651000000E-01
6.56585755752955000000E-01
6.51833725300877000000E-01
6.47055961569443000000E-01
6.42252653176583000000E-01
6.37423989748689000000E-01
6.32570161913123000000E-01
6.27691361290699000000E-01
6.22787780488111000000E-01
6.17859613090333000000E-01
6.12907053652975000000E-01
6.07930297694604000000E-01
6.02929541689023000000E-01
5.97904983057518000000E-01
5.92856820161058000000E-01
5.87785252292472000000E-01
5.82690479668575000000E-01
5.77572703422266000000E-01
5.72432125594589000000E-01
5.67268949126755000000E-01
5.62083377852129000000E-01
5.56875616488186000000E-01
5.51645870628429000000E-01
5.46394346734268000000E-01
5.41121252126874000000E-01
5.35826794978995000000E-01
5.30511184306732000000E-01
5.25174629961294000000E-01
5.19817342620708000000E-01
5.14439533781505000000E-01
5.09041415750370000000E-01
5.03623201635759000000E-01
4.98185105339489000000E-01
4.92727341548290000000E-01
4.87250125725331000000E-01
4.81753674101714000000E-01
4.76238203667937000000E-01
4.70703932165331000000E-01
4.65151078077457000000E-01
4.59579860621486000000E-01
4.53990499739545000000E-01
4.48383216090031000000E-01
4.42758231038900000000E-01
4.37115766650931000000E-01
4.31456045680957000000E-01
4.25779291565071000000E-01
4.20085728411804000000E-01
4.14375580993282000000E-01
4.08649074736347000000E-01
4.02906435713661000000E-01
3.97147890634779000000E-01
3.91373666837201000000E-01
3.85583992277395000000E-01
3.79779095521799000000E-01
3.73959205737799000000E-01
3.68124552684676000000E-01
3.62275366704544000000E-01
3.56411878713249000000E-01
3.50534320191257000000E-01
3.44642923174515000000E-01
3.38737920245290000000E-01
3.32819544522985000000E-01
3.26888029654941000000E-01
3.20943609807208000000E-01
3.14986519655303000000E-01
3.09016994374945000000E-01
3.03035269632772000000E-01
2.97041581577033000000E-01
2.91036166828270000000E-01
2.85019262469974000000E-01
2.78991106039227000000E-01
2.72951935517323000000E-01
2.66901989320374000000E-01
2.60841506289895000000E-01
2.54770725683380000000E-01
2.48689887164853000000E-01
2.42599230795405000000E-01
2.36498997023722000000E-01
2.30389426676589000000E-01
2.24270760949379000000E-01
2.18143241396541000000E-01
2.12007109922053000000E-01
2.05862608769879000000E-01
1.99709980514405000000E-01
1.93549468050858000000E-01
1.87381314585722000000E-01
1.81205763627135000000E-01
1.75023058975274000000E-01
1.68833444712732000000E-01
1.62637165194882000000E-01
1.56434465040229000000E-01
1.50225589120755000000E-01
1.44010782552250000000E-01
1.37790290684636000000E-01
1.31564359092280000000E-01
1.25333233564302000000E-01
1.19097160094867000000E-01
1.12856384873480000000E-01
1.06611154275258000000E-01
1.00361714851213000000E-01
9.41083133185121000000E-02
8.78511965507409000000E-02
8.15906115681553000000E-02
7.53268055279304000000E-02
6.90600257144034000000E-02
6.27905195293109000000E-02
5.65185344820225000000E-02
5.02443181797674000000E-02
4.39681183178627000000E-02
3.76901826699323000000E-02
3.14107590781260000000E-02
2.51300954433351000000E-02
1.88484397154058000000E-02
1.25660398833502000000E-02
6.28314396555646000000E-03
-2.09798136933558000000E-15
-6.28314396556110000000E-03
-1.25660398833544000000E-02
-1.88484397154100000000E-02
-2.51300954433393000000E-02
-3.14107590781302000000E-02
-3.76901826699365000000E-02
-4.39681183178669000000E-02
-5.02443181797716000000E-02
-5.65185344820267000000E-02
-6.27905195293156000000E-02
-6.90600257144080000000E-02
-7.53268055279346000000E-02
-8.15906115681594000000E-02
-8.78511965507451000000E-02
-9.41083133185163000000E-02
-1.00361714851217000000E-01
-1.06611154275262000000E-01
-1.12856384873484000000E-01
-1.19097160094872000000E-01
-1.25333233564307000000E-01
-1.31564359092284000000E-01
-1.37790290684640000000E-01
-1.44010782552254000000E-01
-1.50225589120759000000E-01
-1.56434465040233000000E-01
-1.62637165194886000000E-01
-1.68833444712736000000E-01
-1.75023058975278000000E-01
-1.81205763627140000000E-01
-1.87381314585727000000E-01
-1.93549468050862000000E-01
-1.99709980514409000000E-01
-2.05862608769883000000E-01
-2.12007109922057000000E-01
-2.18143241396545000000E-01
-2.24270760949383000000E-01
-2.30389426676593000000E-01
-2.36498997023727000000E-01
-2.42599230795410000000E-01
-2.48689887164857000000E-01
-2.54770725683384000000E-01
-2.60841506289899000000E-01
-2.66901989320378000000E-01
-2.72951935517327000000E-01
-2.78991106039231000000E-01
-2.85019262469978000000E-01
-2.91036166828274000000E-01
-2.97041581577037000000E-01
-3.03035269632776000000E-01
-3.09016994374949000000E-01
-3.14986519655307000000E-01
-3.20943609807212000000E-01
-3.26888029654945000000E-01
-3.32819544522989000000E-01
-3.38737920245294000000E-01
-3.44642923174519000000E-01
-3.50534320191261000000E-01
-3.56411878713253000000E-01
-3.62275366704548000000E-01
-3.68124552684680000000E-01
-3.73959205737803000000E-01
-3.79779095521803000000E-01
-3.85583992277399000000E-01
-3.91373666837205000000E-01
-3.97147890634783000000E-01
-4.02906435713665000000E-01
-4.08649074736351000000E-01
-4.14375580993286000000E-01
-4.20085728411808000000E-01
-4.25779291565075000000E-01
-4.31456045680961000000E-01
-4.37115766650935000000E-01
-4.42758231038904000000E-01
-4.48383216090034000000E-01
-4.53990499739549000000E-01
-4.59579860621490000000E-01
-4.65151078077460000000E-01
-4.70703932165335000000E-01
-4.76238203667941000000E-01
-4.81753674101717000000E-01
-4.87250125725334000000E-01
-4.92727341548294000000E-01
-4.98185105339493000000E-01
-5.03623201635763000000E-01
-5.09041415750374000000E-01
-5.14439533781508000000E-01
-5.19817342620711000000E-01
-5.25174629961298000000E-01
-5.30511184306736000000E-01
-5.35826794978999000000E-01
-5.41121252126878000000E-01
-5.46394346734271000000E-01
-5.51645870628432000000E-01
-5.56875616488190000000E-01
-5.62083377852133000000E-01
-5.67268949126758000000E-01
-5.72432125594593000000E-01
-5.77572703422270000000E-01
-5.82690479668578000000E-01
-5.87785252292475000000E-01
-5.92856820161061000000E-01
-5.97904983057521000000E-01
-6.02929541689027000000E-01
-6.07930297694608000000E-01
-6.12907053652978000000E-01
-6.17859613090336000000E-01
-6.22787780488114000000E-01
-6.27691361290702000000E-01
-6.32570161913126000000E-01
-6.37423989748692000000E-01
-6.42252653176586000000E-01
-6.47055961569446000000E-01
-6.51833725300881000000E-01
-6.56585755752958000000E-01
-6.61311865323654000000E-01
-6.66011867434253000000E-01
-6.70685576536722000000E-01
-6.75332808121026000000E-01
-6.79953378722421000000E-01
-6.84547105928691000000E-01
-6.89113808387350000000E-01
-6.93653305812807000000E-01
-6.98165418993474000000E-01
-7.02649969798851000000E-01
-7.07106781186549000000E-01
-7.11535677209287000000E-01
-7.15936483021833000000E-01
-7.20309024887909000000E-01
-7.24653130187049000000E-01
-7.28968627421413000000E-01
-7.33255346222562000000E-01
-7.37513117358176000000E-01
-7.41741772738741000000E-01
-7.45941145424184000000E-01
-7.50111069630461000000E-01
-7.54251380736106000000E-01
-7.58361915288723000000E-01
-7.62442511011450000000E-01
-7.66493006809351000000E-01
-7.70513242775791000000E-01
-7.74503060198735000000E-01
-7.78462301567025000000E-01
-7.82390810576590000000E-01
-7.86288432136621000000E-01
-7.90155012375692000000E-01
-7.93990398647837000000E-01
-7.97794439538573000000E-01
-8.01566984870878000000E-01
-8.05307885711124000000E-01
-8.09016994374949000000E-01
-8.12694164433096000000E-01
-8.16339250717185000000E-01
-8.19952109325454000000E-01
-8.23532597628429000000E-01
-8.27080574274564000000E-01
-8.30595899195814000000E-01
-8.34078433613172000000E-01
-8.37528040042143000000E-01
-8.40944582298170000000E-01
-8.44327925502017000000E-01
-8.47677936085085000000E-01
-8.50994481794694000000E-01
-8.54277431699297000000E-01
-8.57526656193654000000E-01
-8.60742027003945000000E-01
-8.63923417192837000000E-01
-8.67070701164492000000E-01
-8.70183754669527000000E-01
-8.73262454809922000000E-01
-8.76306680043865000000E-01
-8.79316310190558000000E-01
-8.82291226434955000000E-01
-8.85231311332457000000E-01
-8.88136448813546000000E-01
-8.91006524188369000000E-01
-8.93841424151265000000E-01
-8.96641036785237000000E-01
-8.99405251566372000000E-01
-9.02133959368204000000E-01
-9.04827052466021000000E-01
-9.07484424541118000000E-01
-9.10105970684997000000E-01
-9.12691587403504000000E-01
-9.15241172620919000000E-01
-9.17754625683982000000E-01
-9.20231847365871000000E-01
-9.22672739870116000000E-01
-9.25077206834459000000E-01
-9.27445153334662000000E-01
-9.29776485888252000000E-01
-9.32071112458212000000E-01
-9.34328942456613000000E-01
-9.36549886748193000000E-01
-9.38733857653875000000E-01
-9.40880768954226000000E-01
-9.42990535892866000000E-01
-9.45063075179806000000E-01
-9.47098304994745000000E-01
-9.49096144990295000000E-01
-9.51056516295155000000E-01
-9.52979341517220000000E-01
-9.54864544746644000000E-01
-9.56712051558831000000E-01
-9.58521789017377000000E-01
-9.60293685676944000000E-01
-9.62027671586087000000E-01
-9.63723678290011000000E-01
-9.65381638833275000000E-01
-9.67001487762436000000E-01
-9.68583161128632000000E-01
-9.70126596490107000000E-01
-9.71631732914675000000E-01
-9.73098510982127000000E-01
-9.74526872786578000000E-01
-9.75916761938748000000E-01
-9.77268123568194000000E-01
-9.78580904325473000000E-01
-9.79855052384248000000E-01
-9.81090517443335000000E-01
-9.82287250728689000000E-01
-9.83445204995330000000E-01
-9.84564334529206000000E-01
-9.85644595148999000000E-01
-9.86685944207869000000E-01
-9.87688340595138000000E-01
-9.88651744737915000000E-01
-9.89576118602651000000E-01
-9.90461425696652000000E-01
-9.91307631069507000000E-01
-9.92114701314478000000E-01
-9.92882604569814000000E-01
-9.93611310520009000000E-01
-9.94300790396999000000E-01
-9.94951016981301000000E-01
-9.95561964603080000000E-01
-9.96133609143173000000E-01
-9.96665928034030000000E-01
-9.97158900260614000000E-01
-9.97612506361225000000E-01
-9.98026728428272000000E-01
-9.98401550108975000000E-01
-9.98736956606018000000E-01
-9.99032934678125000000E-01
-9.99289472640589000000E-01
-9.99506560365732000000E-01
-9.99684189283300000000E-01
-9.99822352380809000000E-01
-9.99921044203816000000E-01
-9.99980260856137000000E-01
-1.00000000000000000000E+00
-9.99980260856137000000E-01
-9.99921044203816000000E-01
-9.99822352380809000000E-01
-9.99684189283300000000E-01
-9.99506560365731000000E-01
-9.99289472640589000000E-01
-9.99032934678125000000E-01
-9.98736956606017000000E-01
-9.98401550108975000000E-01
-9.98026728428271000000E-01
-9.97612506361225000000E-01
-9.97158900260614000000E-01
-9.96665928034030000000E-01
-9.96133609143172000000E-01
-9.95561964603080000000E-01
-9.94951016981300000000E-01
-9.94300790396998000000E-01
-9.93611310520008000000E-01
-9.92882604569813000000E-01
-9.92114701314477000000E-01
-9.91307631069506000000E-01
-9.90461425696651000000E-01
-9.89576118602650000000E-01
-9.88651744737913000000E-01
-9.87688340595137000000E-01
-9.86685944207867000000E-01
-9.85644595148997000000E-01
-9.84564334529205000000E-01
-9.83445204995329000000E-01
-9.82287250728688000000E-01
-9.81090517443333000000E-01
-9.79855052384246000000E-01
-9.78580904325471000000E-01
-9.77268123568193000000E-01
-9.75916761938747000000E-01
-9.74526872786576000000E-01
-9.73098510982126000000E-01
-9.71631732914673000000E-01
-9.70126596490105000000E-01
-9.68583161128630000000E-01
-9.67001487762434000000E-01
-9.65381638833273000000E-01
-9.63723678290009000000E-01
-9.62027671586085000000E-01
-9.60293685676942000000E-01
-9.58521789017375000000E-01
-9.56712051558829000000E-01
-9.54864544746642000000E-01
-9.52979341517218000000E-01
-9.51056516295153000000E-01
-9.49096144990293000000E-01
-9.47098304994743000000E-01
-9.45063075179804000000E-01
-9.42990535892863000000E-01
-9.40880768954224000000E-01
-9.38733857653873000000E-01
-9.36549886748191000000E-01
-9.34328942456611000000E-01
-9.32071112458210000000E-01
-9.29776485888250000000E-01
-9.27445153334660000000E-01
-9.25077206834456000000E-01
-9.22672739870113000000E-01
-9.20231847365869000000E-01
-9.17754625683980000000E-01
-9.15241172620916000000E-01
-9.12691587403501000000E-01
-9.10105970684994000000E-01
-9.07484424541115000000E-01
-9.04827052466018000000E-01
-9.02133959368201000000E-01
-8.99405251566369000000E-01
-8.96641036785234000000E-01
-8.93841424151262000000E-01
-8.91006524188366000000E-01
-8.88136448813543000000E-01
-8.85231311332454000000E-01
-8.82291226434951000000E-01
-8.79316310190555000000E-01
-8.76306680043862000000E-01
-8.73262454809918000000E-01
-8.70183754669524000000E-01
-8.67070701164488000000E-01
-8.63923417192834000000E-01
-8.60742027003942000000E-01
-8.57526656193650000000E-01
-8.54277431699293000000E-01
-8.50994481794690000000E-01
-8.47677936085081000000E-01
-8.44327925502013000000E-01
-8.40944582298167000000E-01
-8.37528040042140000000E-01
-8.34078433613169000000E-01
-8.30595899195810000000E-01
-8.27080574274560000000E-01
-8.23532597628425000000E-01
-8.19952109325450000000E-01
-8.16339250717182000000E-01
-8.12694164433092000000E-01
-8.09016994374945000000E-01
-8.05307885711120000000E-01
-8.01566984870875000000E-01
-7.97794439538569000000E-01
-7.93990398647833000000E-01
-7.90155012375688000000E-01
-7.86288432136617000000E-01
-7.82390810576586000000E-01
-7.78462301567021000000E-01
-7.74503060198731000000E-01
-7.70513242775787000000E-01
-7.66493006809348000000E-01
-7.62442511011445000000E-01
-7.58361915288719000000E-01
-7.54251380736101000000E-01
-7.50111069630457000000E-01
-7.45941145424179000000E-01
-7.41741772738737000000E-01
-7.37513117358171000000E-01
-7.33255346222557000000E-01
-7.28968627421409000000E-01
-7.24653130187044000000E-01
-7.20309024887904000000E-01
-7.15936483021828000000E-01
-7.11535677209283000000E-01
-7.07106781186545000000E-01
-7.02649969798847000000E-01
-6.98165418993470000000E-01
-6.93653305812802000000E-01
-6.89113808387346000000E-01
-6.84547105928686000000E-01
-6.79953378722417000000E-01
-6.75332808121021000000E-01
-6.70685576536717000000E-01
-6.66011867434248000000E-01
-6.61311865323649000000E-01
-6.56585755752953000000E-01
-6.51833725300876000000E-01
-6.47055961569441000000E-01
-6.42252653176581000000E-01
-6.37423989748687000000E-01
-6.32570161913121000000E-01
-6.27691361290698000000E-01
-6.22787780488109000000E-01
-6.17859613090331000000E-01
-6.12907053652973000000E-01
-6.07930297694602000000E-01
-6.02929541689021000000E-01
-5.97904983057516000000E-01
-5.92856820161056000000E-01
-5.87785252292470000000E-01
-5.82690479668573000000E-01
-5.77572703422264000000E-01
-5.72432125594588000000E-01
-5.67268949126753000000E-01
-5.62083377852127000000E-01
-5.56875616488184000000E-01
-5.51645870628427000000E-01
-5.46394346734266000000E-01
-5.41121252126872000000E-01
-5.35826794978993000000E-01
-5.30511184306730000000E-01
-5.25174629961292000000E-01
-5.19817342620706000000E-01
-5.14439533781503000000E-01
-5.09041415750367000000E-01
-5.03623201635757000000E-01
-4.98185105339488000000E-01
-4.92727341548288000000E-01
-4.87250125725329000000E-01
-4.81753674101711000000E-01
-4.76238203667936000000E-01
-4.70703932165329000000E-01
-4.65151078077455000000E-01
-4.59579860621484000000E-01
-4.53990499739543000000E-01
-4.48383216090029000000E-01
-4.42758231038898000000E-01
-4.37115766650929000000E-01
-4.31456045680955000000E-01
-4.25779291565069000000E-01
-4.20085728411802000000E-01
-4.14375580993280000000E-01
-4.08649074736345000000E-01
-4.02906435713659000000E-01
-3.97147890634777000000E-01
-3.91373666837198000000E-01
-3.85583992277393000000E-01
-3.79779095521797000000E-01
-3.73959205737797000000E-01
-3.68124552684674000000E-01
-3.62275366704542000000E-01
-3.56411878713246000000E-01
-3.50534320191255000000E-01
-3.44642923174513000000E-01
-3.38737920245287000000E-01
-3.32819544522983000000E-01
-3.26888029654938000000E-01
-3.20943609807206000000E-01
-3.14986519655300000000E-01
-3.09016994374943000000E-01
-3.03035269632769000000E-01
-2.97041581577031000000E-01
-2.91036166828267000000E-01
-2.85019262469972000000E-01
-2.78991106039225000000E-01
-2.72951935517321000000E-01
-2.66901989320372000000E-01
-2.60841506289892000000E-01
-2.54770725683378000000E-01
-2.48689887164850000000E-01
-2.42599230795403000000E-01
-2.36498997023720000000E-01
-2.30389426676586000000E-01
-2.24270760949377000000E-01
-2.18143241396538000000E-01
-2.12007109922051000000E-01
-2.05862608769877000000E-01
-1.99709980514403000000E-01
-1.93549468050856000000E-01
-1.87381314585720000000E-01
-1.81205763627133000000E-01
-1.75023058975272000000E-01
-1.68833444712730000000E-01
-1.62637165194879000000E-01
-1.56434465040227000000E-01
-1.50225589120752000000E-01
-1.44010782552248000000E-01
-1.37790290684633000000E-01
-1.31564359092278000000E-01
-1.25333233564299000000E-01
-1.19097160094865000000E-01
-1.12856384873478000000E-01
-1.06611154275255000000E-01
-1.00361714851211000000E-01
-9.41083133185096000000E-02
-8.78511965507388000000E-02
-8.15906115681527000000E-02
-7.53268055279283000000E-02
-6.90600257144009000000E-02
-6.27905195293088000000E-02
-5.65185344820204000000E-02
-5.02443181797649000000E-02
-4.39681183178606000000E-02
-3.76901826699298000000E-02
-3.14107590781239000000E-02
-2.51300954433326000000E-02
-1.88484397154037000000E-02
-1.25660398833476000000E-02
-6.28314396555436000000E-03
4.19596273867116000000E-15